link,allcount,QANTA,IR_Wiki,train,test
xylem,137,110,27,132,5
b-type_main-sequence_star,2,0,2,2,0
chromatic_aberration,9,0,9,9,0
jihad,15,0,15,14,1
aegis,52,0,52,50,2
inca_empire,184,113,71,179,5
cyprus,5,0,5,5,0
lawrence_livermore_national_laboratory,2,0,2,2,0
norovirus,14,0,14,14,0
huitzilopochtli,324,246,78,312,12
yosemite_national_park,15,0,15,15,0
darius_i,275,178,97,264,11
kwashiorkor,15,0,15,15,0
geography_of_thailand,18,0,18,18,0
the_lion_king_(musical),2,0,2,1,1
francis_of_assisi,37,0,37,36,1
eugenics,39,0,39,39,0
uzbekistan,7,0,7,7,0
bose-einstein_condensate,128,128,0,121,7
dieterich_buxtehude,1,0,1,1,0
a_hero_of_our_time,303,197,106,296,7
chloroplast,214,71,143,206,8
giovanni_pierluigi_da_palestrina,3,0,3,3,0
mirage,3,0,3,3,0
sodom_and_gomorrah,19,0,19,19,0
naming_and_necessity,3,0,3,2,1
citric_acid_cycle,147,83,64,137,10
follicle-stimulating_hormone,18,0,18,16,2
libertarian_party_(united_states),20,0,20,20,0
hero,13,0,13,13,0
moksha,74,69,5,74,0
divergence,17,0,17,17,0
hera,775,287,488,749,26
fourteen_points,104,92,12,101,3
cyclopentadiene,5,0,5,4,1
ming_dynasty,377,187,190,352,25
pancreas,164,107,57,157,7
david_(michelangelo),4,0,4,4,0
the_cherry_orchard,347,163,184,336,11
leyden_jar,37,27,10,36,1
lagrangian_point,17,0,17,17,0
trinitrotoluene,15,0,15,14,1
interferon,62,0,62,56,6
paramagnetism,198,133,65,194,4
a._j._ayer,16,0,16,14,2
anna_akhmatova,23,0,23,21,2
cavendish_laboratory,8,0,8,8,0
james_g._blaine,386,125,261,368,18
james_k._polk,301,123,178,283,18
dna,138,0,138,131,7
kellogg-briand_pact,59,42,17,56,3
symphony,1,0,1,1,0
phototropism,6,0,6,6,0
australopithecus_africanus,2,0,2,2,0
glass,73,0,73,66,7
negative_index_metamaterials,75,0,75,72,3
holi,87,0,87,86,1
sakhalin,12,0,12,12,0
the_hollow_men,147,73,74,142,5
fitness_(biology),4,0,4,4,0
alfred_thayer_mahan,4,0,4,3,1
nitric_oxide,139,0,139,132,7
joseph_conrad,999,437,562,960,39
erlking,4,0,4,4,0
measure_for_measure,117,85,32,110,7
primality_test,2,0,2,2,0
georges_clemenceau,168,68,100,161,7
philip_roth,147,76,71,138,9
philipp_melanchthon,56,0,56,55,1
myelin_sheath_gap,34,0,34,32,2
orfeo_ed_euridice,2,0,2,2,0
titanium,148,80,68,141,7
ionization_energy,41,0,41,41,0
rayon,5,0,5,5,0
the_stranger_(novel),3,0,3,3,0
hedda_gabler,321,193,128,303,18
saskatchewan,10,0,10,10,0
tropical_cyclone,41,0,41,41,0
apocrypha,30,0,30,30,0
pantheism,17,0,17,15,2
reye's_syndrome,10,0,10,10,0
helsinki,4,0,4,4,0
superfluid_helium-4,147,0,147,142,5
centriole,8,0,8,7,1
john_jay,195,73,122,189,6
rainer_maria_rilke,322,176,146,301,21
monopsony,19,0,19,19,0
stoicism,156,118,38,152,4
quakers,56,0,56,55,1
demosthenes,30,0,30,30,0
ligand,151,112,39,146,5
finite-state_machine,4,0,4,4,0
ural_mountains,6,0,6,6,0
alzheimer's_disease,68,0,68,65,3
atomic_nucleus,57,0,57,54,3
glycolysis,178,74,104,171,7
filippo_lippi,1,0,1,1,0
lake_of_the_woods,1,0,1,1,0
kevlar,2,0,2,2,0
jacques_offenbach,8,0,8,8,0
murder_on_the_orient_express,18,0,18,18,0
diabetes_mellitus,40,0,40,40,0
jacques-louis_david,86,0,86,82,4
angola,5,0,5,5,0
friedrich_hayek,273,107,166,259,14
eliel_saarinen,1,0,1,1,0
perturbation_theory,54,0,54,54,0
leonard_bernstein,4,0,4,4,0
carbocation,3,0,3,3,0
moses_(michelangelo),14,0,14,14,0
sekhmet,45,0,45,42,3
edward_said,46,0,46,44,2
semiconductor,61,0,61,58,3
phaedo,29,0,29,29,0
scarlet_fever,30,0,30,30,0
book_of_the_dead,43,0,43,43,0
giambattista_vico,2,0,2,1,1
slide_rule,7,0,7,7,0
otto_von_bismarck,528,180,348,509,19
dracula,213,73,140,201,12
chlorine,81,0,81,78,3
jameson_raid,166,157,9,158,8
buster_keaton,13,0,13,13,0
nibelungenlied,88,0,88,86,2
samuel_pierpont_langley,2,0,2,2,0
silicon,69,0,69,67,2
labour_party_(uk),188,73,115,185,3
lie_algebra,5,0,5,5,0
sonogashira_coupling,49,0,49,46,3
quadrupole,13,0,13,12,1
feldspar,2,0,2,2,0
pulsar,32,0,32,31,1
clara_barton,174,109,65,170,4
silent_cry,251,232,19,241,10
marian_anderson,10,0,10,10,0
three_studies_for_figures_at_the_base_of_a_crucifixion,1,0,1,1,0
shirley_jackson,104,62,42,102,2
andrei_rublev_(film),15,0,15,14,1
erikson's_stages_of_psychosocial_development,22,0,22,20,2
undine_(lortzing),3,0,3,2,1
atalanta,317,229,88,302,15
gospel_of_thomas,60,0,60,59,1
sulawesi,5,0,5,4,1
drosophila_melanogaster,63,0,63,56,7
franz_kafka,594,237,357,572,22
alfred_russel_wallace,130,0,130,127,3
olbers'_paradox,8,0,8,8,0
alexander_pope,179,126,53,173,6
federal_emergency_management_agency,5,0,5,5,0
atlas_mountains,2,0,2,1,1
ferroelectricity,58,0,58,57,1
fermionic_condensate,24,0,24,22,2
anthony_van_dyck,8,0,8,8,0
ilmarinen,16,0,16,16,0
harmonic_oscillator,37,0,37,35,2
zeno_of_elea,2,0,2,2,0
cornwall,15,0,15,14,1
alien_and_sedition_acts,113,105,8,108,5
morality,81,0,81,80,1
beyond_the_pleasure_principle,15,0,15,15,0
george_grosz,1,0,1,1,0
otello,8,0,8,6,2
banff_national_park,11,0,11,11,0
cross_of_gold_speech,16,0,16,16,0
oeconomicus,1,0,1,1,0
wild_strawberries_(film),11,0,11,11,0
spiritual_exercises_of_ignatius_of_loyola,1,0,1,1,0
neutron_star,87,0,87,84,3
astarte,38,0,38,36,2
the_road_to_serfdom,48,0,48,48,0
jacquerie,93,71,22,88,5
benedetto_croce,10,0,10,9,1
cupid,108,0,108,107,1
meno,11,0,11,10,1
lepidoptera,50,0,50,47,3
rite_of_passage,3,0,3,2,1
agni,185,144,41,182,3
baruch_spinoza,128,0,128,123,5
robert_lowie,3,0,3,2,1
hard_times,196,90,106,191,5
tungsten,24,0,24,24,0
lactose_intolerance,17,0,17,16,1
lake_michigan,14,0,14,14,0
heracles,563,146,417,547,16
saul,65,0,65,61,4
brachiosaurus,6,0,6,6,0
supply_(economics),7,0,7,7,0
queen_of_sheba,13,0,13,13,0
escape_from_freedom,1,0,1,1,0
crimean_war,372,119,253,359,13
ebro,11,0,11,11,0
john_peter_zenger,69,58,11,69,0
hammond's_postulate,4,0,4,4,0
puck_(a_midsummer_night's_dream),1,0,1,1,0
delphi,91,0,91,90,1
leon_trotsky,307,92,215,298,9
meissner_effect,56,50,6,53,3
david_mamet,7,0,7,7,0
aten,10,0,10,10,0
magnesium,103,56,47,97,6
polaris_(comics),40,0,40,39,1
friedel-crafts_reaction,52,52,0,52,0
safavid_dynasty,325,65,260,312,13
butane,2,0,2,2,0
william_jennings_bryan,290,141,149,281,9
maximilien_de_robespierre,192,106,86,186,6
rossby_wave,6,0,6,6,0
alcuin,3,0,3,3,0
normandy,7,0,7,7,0
philip_ii_of_macedon,93,65,28,87,6
obscenity,7,0,7,7,0
otto_rank,50,0,50,50,0
medulla_oblongata,2,0,2,2,0
kerr_metric,78,0,78,75,3
pregnancy,36,0,36,35,1
hadith,124,122,2,122,2
symphony_no._104_(haydn),1,0,1,1,0
prisoner's_dilemma,21,0,21,21,0
markov_chain,36,0,36,32,4
angkor,50,0,50,50,0
sleipnir,41,0,41,41,0
corpus_luteum,5,0,5,5,0
chile,44,0,44,43,1
huey_long,278,97,181,270,8
pompeii,18,0,18,18,0
essential_amino_acid,7,0,7,6,1
calcium,21,0,21,19,2
alkaloid,39,0,39,35,4
joshua_reynolds,4,0,4,4,0
taqiyya,2,0,2,2,0
demeter,412,304,108,397,15
yggdrasil,36,0,36,34,2
neville_chamberlain,320,131,189,310,10
middletown_studies,7,0,7,7,0
bill_of_attainder,5,0,5,5,0
inferior_good,1,0,1,1,0
george_washington_(houdon),1,0,1,1,0
the_death_of_socrates,3,0,3,3,0
george_b._mcclellan,371,163,208,356,15
immune_tolerance,14,0,14,14,0
gamma-ray_burst,30,0,30,30,0
adrenal_gland,95,81,14,93,2
tishrei,9,0,9,9,0
nervous_conditions,7,0,7,7,0
buddy_rich,1,0,1,1,0
predestination_(calvinism),12,0,12,12,0
lake_kivu,14,0,14,14,0
charles_a._beard,26,0,26,26,0
lady_with_an_ermine,1,0,1,1,0
real_irish_republican_army,2,0,2,2,0
djibouti,13,0,13,12,1
the_return_of_the_native,322,221,101,311,11
transnistria,2,0,2,2,0
georg_wilhelm_friedrich_hegel,316,188,128,299,17
golgi_apparatus,116,97,19,111,5
max_horkheimer,32,0,32,30,2
fortran,5,0,5,4,1
scrotum,1,0,1,1,0
telemachus,39,0,39,39,0
guinevere,36,0,36,32,4
price_discrimination,18,0,18,17,1
hudson's_bay_company,110,58,52,101,9
sarpedon,28,0,28,25,3
oaxaca,43,0,43,41,2
lens_(anatomy),39,0,39,37,2
"toccata_and_fugue_in_d_minor,_bwv_565",2,0,2,2,0
mark_antony,239,145,94,230,9
ghosts_(play),135,84,51,131,4
g._e._m._anscombe,32,0,32,32,0
hmong_customs_and_culture,68,0,68,66,2
trombone,12,0,12,12,0
neutrino,225,68,157,214,11
dark_matter,208,96,112,199,9
pleiades,8,0,8,8,0
sociology,173,0,173,167,6
public_good,23,0,23,22,1
cynicism_(philosophy),24,0,24,24,0
james_buchanan,335,143,192,319,16
noam_chomsky,70,0,70,67,3
syphilis,55,38,17,55,0
lawrence_klein,1,0,1,1,0
brian_boru,43,0,43,41,2
epr_paradox,80,0,80,78,2
bamboo,45,0,45,43,2
body_of_tibia,4,0,4,4,0
benjamin_disraeli,512,199,313,501,11
cytochrome_c,18,0,18,17,1
epicureanism,159,105,54,153,6
leptin,102,0,102,95,7
albany_congress,92,85,7,90,2
pitcairn_islands,7,0,7,7,0
botany_bay,2,0,2,2,0
thermodynamic_activity,60,0,60,59,1
samuel_richardson,216,127,89,212,4
imre_lakatos,43,0,43,42,1
john_henry_(folklore),3,0,3,3,0
golden_legend,1,0,1,1,0
richard_posner,10,0,10,9,1
stanford_prison_experiment,19,0,19,19,0
duodenum,31,0,31,29,2
herbert_spencer,285,118,167,275,10
skin_effect,50,0,50,50,0
simpson_desert,4,0,4,4,0
beatitudes,2,0,2,2,0
anna_freud,8,0,8,8,0
melanin,140,94,46,136,4
tasmania,28,0,28,27,1
meditations_on_first_philosophy,136,83,53,131,5
anton_chekhov,450,175,275,431,19
original_sin,29,0,29,29,0
orion_(constellation),33,0,33,33,0
tilman_riemenschneider,6,0,6,6,0
procyon,2,0,2,2,0
victoria_(australia),6,0,6,6,0
earnshaw's_theorem,15,0,15,14,1
maunder_minimum,1,0,1,1,0
symphony_of_psalms,1,0,1,1,0
the_writing_on_the_wall,8,0,8,8,0
internal_energy,105,0,105,103,2
melanoma,49,0,49,49,0
we_are_the_night_(film),11,0,11,10,1
being_and_nothingness,15,0,15,14,1
cambodia,17,0,17,16,1
upanishads,157,96,61,151,6
lady_macbeth_of_the_mtsensk_district_(opera),3,0,3,2,1
rh_blood_group_system,13,0,13,13,0
sherwood_anderson,234,65,169,221,13
lorentz_transformation,35,0,35,34,1
mahdi,28,0,28,28,0
glycosylation,6,0,6,6,0
pion,22,0,22,21,1
hexokinase,17,0,17,17,0
learned_helplessness,24,0,24,23,1
bruno_latour,52,0,52,52,0
bunraku,2,0,2,2,0
gallbladder,63,54,9,57,6
ajax_(mythology),60,0,60,59,1
syntactic_structures,11,0,11,11,0
laminin,45,0,45,43,2
middle_english,5,0,5,5,0
"the_lion,_the_witch_and_the_wardrobe",21,0,21,21,0
thiol,46,0,46,44,2
lou_dobbs,7,0,7,7,0
"joseph_lister,_1st_baron_lister",6,0,6,6,0
arthur_miller,388,236,152,377,11
robert_moses,2,0,2,0,2
civilian_conservation_corps,106,87,19,103,3
homo_habilis,8,0,8,8,0
rationality,12,0,12,12,0
erich_maria_remarque,173,127,46,164,9
alfred_adler,267,172,95,260,7
sonora,56,0,56,54,2
the_third_wave_(toffler),1,0,1,1,0
femur,55,39,16,55,0
indus_river,41,0,41,40,1
book_of_daniel,83,0,83,80,3
orson_welles,30,0,30,28,2
islets_of_langerhans,5,0,5,5,0
william_walton,5,0,5,5,0
norman_rockwell,1,0,1,1,0
pontius_pilate,49,0,49,48,1
compromise_of_1850,138,106,32,135,3
newton's_rings,1,0,1,1,0
horn_of_africa,15,0,15,15,0
decarboxylation,2,0,2,2,0
michael_tippett,13,0,13,12,1
vascular_endothelial_growth_factor,32,0,32,29,3
human_papillomavirus,42,0,42,41,1
ancient_greek,4,0,4,4,0
all_my_sons,458,303,155,442,16
adaptive_optics,8,0,8,7,1
rhodopsin,86,80,6,81,5
etruscan_mythology,21,0,21,21,0
leo_strauss,145,0,145,139,6
beta-lactamase,10,0,10,10,0
francisco_i._madero,117,50,67,111,6
cavalleria_rusticana,1,0,1,1,0
eurystheus,73,0,73,71,2
ferrofluid,38,0,38,35,3
myoglobin,12,0,12,12,0
pryderi,31,0,31,31,0
tierra_del_fuego,4,0,4,3,1
calgary,12,0,12,12,0
william_penn,230,98,132,218,12
gerhard_richter,4,0,4,4,0
henry_l._stimson,125,89,36,121,4
to_the_lighthouse,198,136,62,193,5
oregon,16,0,16,16,0
cystic_fibrosis,174,77,97,167,7
talcott_parsons,404,101,303,385,19
freyja,372,221,151,365,7
the_tribute_money_(masaccio),2,0,2,2,0
dietrich_fischer-dieskau,1,0,1,1,0
pyrenees,4,0,4,4,0
four_quartets,194,151,43,186,8
the_picture_of_dorian_gray,394,238,156,375,19
jan_tinbergen,1,0,1,1,0
feast_of_the_immaculate_conception,2,0,2,2,0
europa_(mythology),87,0,87,83,4
pontiac_(person),35,23,12,33,2
united_nations_general_assembly,2,0,2,2,0
concordat_of_worms,9,0,9,8,1
manichaeism,276,172,104,268,8
grignard_reaction,114,66,48,111,3
electron_capture,12,0,12,12,0
our_town,143,117,26,129,14
magic_(paranormal),203,0,203,196,7
vancouver,16,0,16,16,0
elephant,83,0,83,81,2
erasmus_darwin,11,0,11,10,1
edinburgh,8,0,8,8,0
stephen_vincent_benet,122,59,63,114,8
echidna,2,0,2,2,0
conchobar_mac_nessa,19,0,19,17,2
george_caleb_bingham,2,0,2,2,0
critical_point_(thermodynamics),157,141,16,151,6
leviathan_(book),231,191,40,226,5
santa_fe_trail,5,0,5,5,0
ezra_pound,446,152,294,433,13
gotthold_ephraim_lessing,340,319,21,328,12
hesiod,162,108,54,154,8
han_dynasty,290,90,200,273,17
pernicious_anemia,64,0,64,62,2
book_of_lamentations,10,0,10,10,0
harold_pinter,541,173,368,522,19
gross_domestic_product,32,0,32,30,2
robert_brown_(botanist),3,0,3,3,0
ernest_hemingway,825,212,613,805,20
limbo,28,0,28,26,2
chromatin,28,0,28,25,3
aldehyde,130,47,83,127,3
moment_of_inertia,147,78,69,144,3
cyrus_the_great,259,112,147,244,15
avogadro_constant,59,0,59,59,0
the_rite_of_spring,5,0,5,5,0
word_of_faith,23,0,23,23,0
coagulation,140,83,57,133,7
freyr,69,0,69,69,0
john_vanbrugh,13,0,13,13,0
torsion_spring,10,0,10,10,0
hydrogen_peroxide,115,0,115,112,3
nemean_lion,20,0,20,19,1
honduras,17,0,17,17,0
scythians,36,0,36,35,1
bernadette_soubirous,25,0,25,24,1
venus_de_milo,3,0,3,3,0
john_ruskin,93,0,93,87,6
sawm_of_ramadan,3,0,3,3,0
nominalism,84,77,7,83,1
primavera_(painting),20,0,20,20,0
lagrangian,90,0,90,89,1
symbolic_interactionism,66,0,66,64,2
bragi,28,0,28,28,0
gunnar_myrdal,104,85,19,98,6
induced_stem_cells,96,0,96,95,1
o_captain!_my_captain!,39,22,17,37,2
presbyterianism,8,0,8,8,0
jean_renoir,5,0,5,5,0
bertrand_russell's_views_on_philosophy,105,0,105,97,8
samuel_p._huntington,9,0,9,9,0
dirac_equation,136,0,136,130,6
dialectic_of_enlightenment,4,0,4,4,0
battle_of_shiloh,145,84,61,141,4
emotion,95,0,95,90,5
the_mighty_ducks_(film_series),1,0,1,1,0
washington_crossing_the_delaware,2,0,2,2,0
maillard_reaction,8,0,8,8,0
liminality,80,0,80,77,3
the_golden_bough,162,153,9,158,4
uriel,12,0,12,11,1
the_three-cornered_hat,4,0,4,4,0
quantum_mechanics,194,0,194,189,5
lens_(optics),22,0,22,22,0
richard_neutra,1,0,1,1,0
orpheus_in_the_underworld,5,0,5,5,0
ozymandias,141,103,38,138,3
condensation_reaction,8,0,8,8,0
battle_of_bunker_hill,181,75,106,175,6
giovanni_pico_della_mirandola,4,0,4,3,1
thetis,151,0,151,148,3
meteora,3,0,3,3,0
self-portrait_with_palette_(manet),1,0,1,1,0
samuel_johnson,313,95,218,302,11
maya_lin,1,0,1,1,0
jansenism,14,0,14,12,2
carson_mccullers,96,53,43,92,4
burundi,11,0,11,11,0
emer,3,0,3,3,0
gravity's_rainbow,113,27,86,108,5
leonid_brezhnev,210,132,78,199,11
macular_degeneration,23,0,23,23,0
wynton_marsalis,3,0,3,3,0
long_march,148,102,46,138,10
algarve,3,0,3,3,0
leptis_magna,1,0,1,1,0
ferruccio_busoni,2,0,2,2,0
syllable,9,0,9,9,0
sean_o'casey,222,27,195,213,9
addis_ababa,8,0,8,8,0
andrew_marvell,155,74,81,146,9
solvay_process,10,0,10,9,1
george_armstrong_custer,223,72,151,215,8
romulus_and_remus,350,238,112,341,9
knee,29,0,29,28,1
tyrosine,38,0,38,35,3
thalidomide,7,0,7,7,0
gateway_arch,9,0,9,8,1
maoism,38,0,38,36,2
edward_albee,331,284,47,321,10
the_bald_soprano,276,246,30,260,16
vancouver_island,31,0,31,30,1
shiva,489,249,240,479,10
friction,185,98,87,178,7
magnetic_moment,56,0,56,55,1
knights_of_labor,127,120,7,122,5
pagliacci,2,0,2,2,0
solar_eclipse,12,0,12,12,0
merlin,79,0,79,76,3
actin,253,65,188,243,10
patroclus,71,0,71,71,0
delaware_river,33,0,33,32,1
nova_scotia,7,0,7,7,0
wallace_line,1,0,1,1,0
mikhail_bakunin,57,0,57,55,2
las_meninas,17,0,17,17,0
benjamin_harrison,462,194,268,447,15
krishna,522,160,362,513,9
saliva,15,0,15,15,0
cochlea,113,84,29,110,3
permeability_(electromagnetism),50,0,50,49,1
joseph_schumpeter,51,0,51,49,2
carmelites,18,0,18,16,2
perun,73,0,73,69,4
gout,61,39,22,61,0
silurian,6,0,6,6,0
franz_rosenzweig,1,0,1,1,0
free_soil_party,139,120,19,134,5
oscar_niemeyer,9,0,9,9,0
steve_reich,5,0,5,4,1
dysentery,17,0,17,17,0
von_neumann_architecture,4,0,4,4,0
zoroastrianism,480,308,172,470,10
hymenoptera,2,0,2,1,1
acetic_acid,73,0,73,70,3
elijah,256,0,256,252,4
ontological_argument,99,74,25,91,8
leo_(constellation),5,0,5,5,0
kary_mullis,11,0,11,11,0
marcus_theory,67,0,67,62,5
rhodes,14,0,14,14,0
principia_mathematica,17,0,17,15,2
apis_(god),50,0,50,48,2
clear_and_present_danger,1,0,1,1,0
albigensian_crusade,107,86,21,103,4
on_crimes_and_punishments,2,0,2,2,0
book_of_mormon,205,165,40,200,5
kurt_weill,8,0,8,8,0
hugo_wolf,4,0,4,4,0
pesaro_madonna,1,0,1,1,0
giuseppe_arcimboldo,1,0,1,1,0
heliosphere,8,0,8,8,0
damping,27,0,27,26,1
essays_(montaigne),4,0,4,4,0
black_hole_of_calcutta,61,43,18,58,3
mekong,40,0,40,39,1
photon,293,0,293,284,9
gustav_kirchhoff,3,0,3,2,1
portrait_of_madame_x,4,0,4,4,0
coming_of_age_in_samoa,213,187,26,208,5
cardiac_muscle,15,0,15,15,0
lattice_energy,159,159,0,155,4
monarch_butterfly,16,0,16,16,0
rigveda,153,80,73,152,1
sonoluminescence,27,0,27,27,0
paul_broca,8,0,8,8,0
mensheviks,1,0,1,1,0
the_chrysanthemum_and_the_sword,9,0,9,9,0
day_of_ashura,25,0,25,24,1
snowball_earth,22,0,22,21,1
bronze_age,13,0,13,13,0
de_stijl,1,0,1,1,0
book_of_jonah,23,0,23,23,0
laurence_sterne,209,139,70,198,11
hsab_theory,26,0,26,24,2
sigurd,37,0,37,36,1
battle_of_the_thames,139,107,32,134,5
spanish_civil_war,341,144,197,333,8
south_australia,3,0,3,3,0
yangon,4,0,4,4,0
sibylline_books,4,0,4,4,0
messenger_rna,74,0,74,71,3
wainwright_building,1,0,1,1,0
geneva_bible,3,0,3,3,0
heathcliff_(wuthering_heights),133,81,52,127,6
kalevala_(synopses),161,0,161,159,2
henry_louis_gates,9,0,9,9,0
wandering_jew,31,0,31,31,0
virgin_of_the_rocks,2,0,2,2,0
guernsey,8,0,8,8,0
martin_luther_(1953_film),1,0,1,0,1
cologne_cathedral,3,0,3,3,0
eugenio_montale,1,0,1,1,0
muon,75,0,75,71,4
hanseatic_league,225,157,68,216,9
drake_equation,1,0,1,1,0
hades,309,108,201,302,7
gulf_of_fonseca,1,0,1,1,0
frederic_edwin_church,2,0,2,2,0
substance_p,19,0,19,18,1
sagittarius_(constellation),29,20,9,28,1
kerala,26,0,26,26,0
ostend_manifesto,229,200,29,224,5
haskell_(programming_language),1,0,1,1,0
tamburlaine_(play),9,0,9,8,1
theaetetus_(dialogue),20,0,20,20,0
"william_j._brennan,_jr.",3,0,3,3,0
iphigenia,87,0,87,85,2
vinson_massif,3,0,3,3,0
alkali_metal,173,0,173,167,6
edward_sapir,165,90,75,161,4
electron_affinity,18,0,18,16,2
coriolis_effect,193,118,75,190,3
tsunami,15,0,15,14,1
paul_von_hindenburg,227,150,77,220,7
martin_heidegger,291,172,119,277,14
zachary_taylor,303,134,169,292,11
cat_stevens,6,0,6,5,1
birch_reduction,92,71,21,88,4
c-reactive_protein,18,0,18,17,1
tobago,9,0,9,9,0
tuba,6,0,6,6,0
dresden,3,0,3,3,0
pellagra,19,0,19,18,1
robert_nozick,146,132,14,141,5
clavicle,13,0,13,13,0
cabinda_province,1,0,1,1,0
the_dinner_party,5,0,5,5,0
newton's_laws_of_motion,65,0,65,62,3
fructose,90,0,90,84,6
brazil_(1985_film),6,0,6,6,0
proton_decay,13,0,13,12,1
pyrimidine,25,0,25,24,1
seafloor_spreading,6,0,6,5,1
henry_fielding,228,143,85,227,1
peter_abelard,134,101,33,128,6
geography_of_tajikistan,22,0,22,22,0
geography_of_kazakhstan,3,0,3,3,0
gadsden_purchase,187,96,91,175,12
aida,13,0,13,13,0
bernard_of_clairvaux,27,0,27,26,1
a_child_of_our_time,12,0,12,12,0
paul_feyerabend,36,0,36,32,4
elizabeth_cady_stanton,178,110,68,167,11
endosymbiont,21,0,21,21,0
restriction_fragment_length_polymorphism,5,0,5,5,0
vanir,49,0,49,49,0
william_graham_sumner,143,133,10,134,9
monopoly,24,0,24,24,0
lake_van,1,0,1,1,0
hieronymus_bosch,2,0,2,2,0
rust,5,0,5,5,0
coupling_reaction,7,0,7,7,0
wendigo,3,0,3,3,0
astatine,54,0,54,50,4
guru_granth_sahib,27,0,27,27,0
aqua_regia,1,0,1,1,0
elisha,13,0,13,13,0
monoamine_oxidase,5,0,5,5,0
yoga,116,0,116,113,3
phenol,48,0,48,46,2
miriam,15,0,15,15,0
uterus,25,0,25,25,0
nitrous_oxide,46,0,46,43,3
provence,43,0,43,43,0
fifth_force,10,0,10,10,0
georg_philipp_telemann,9,0,9,9,0
kilogram,101,0,101,97,4
daniel_webster,196,67,129,190,6
mass,178,0,178,170,8
adam,21,0,21,21,0
judith_leyster,2,0,2,2,0
influenza,68,0,68,68,0
imagined_communities,1,0,1,1,0
amish,9,0,9,9,0
andhra_pradesh,40,0,40,38,2
ricardian_equivalence,5,0,5,3,2
ahura_mazda,195,172,23,193,2
time_dilation,18,0,18,18,0
mandala,18,0,18,18,0
samuel_beckett,576,232,344,558,18
fanfare_for_the_common_man,1,0,1,1,0
ornette_coleman,4,0,4,4,0
salicylic_acid,26,0,26,24,2
centromere,18,0,18,16,2
ghana,193,149,44,188,5
pieter_bruegel_the_elder,4,0,4,4,0
lynn_margulis,7,0,7,7,0
claude_debussy,7,0,7,7,0
white_nile,20,0,20,19,1
machine_learning,3,0,3,3,0
calcite,2,0,2,2,0
omar_bongo,8,0,8,8,0
compton_scattering,222,146,76,220,2
romare_bearden,15,0,15,15,0
carnivorous_plant,27,0,27,26,1
infrared_spectroscopy,218,119,99,212,6
thirty_years'_war,336,59,277,320,16
orinoco,101,84,17,98,3
poliomyelitis,53,0,53,53,0
jeremy_bentham,144,85,59,137,7
midnight's_children,85,76,9,81,4
equal_rights_amendment,106,64,42,103,3
spin_(physics),327,137,190,312,15
la_traviata,4,0,4,4,0
pidgin,1,0,1,1,0
saul_bellow,349,201,148,335,14
doric_order,1,0,1,1,0
big_dipper,10,0,10,10,0
prion,72,0,72,72,0
geography_of_bosnia_and_herzegovina,1,0,1,1,0
skepticism,7,0,7,7,0
james_abbott_mcneill_whistler,30,0,30,29,1
dna_methylation,50,0,50,49,1
cadmus,332,204,128,317,15
aeschylus,385,192,193,368,17
lyman_series,1,0,1,1,0
new_brunswick,7,0,7,6,1
john_searle,38,0,38,36,2
bay_of_bengal,17,0,17,16,1
the_bartered_bride,9,0,9,8,1
oligopoly,5,0,5,5,0
culhwch_and_olwen,6,0,6,6,0
palladium_(classical_antiquity),25,0,25,25,0
hathor,303,199,104,294,9
rene_descartes,119,119,0,115,4
lady_of_the_lake,34,0,34,33,1
clarence_darrow,193,152,41,189,4
oxytocin,43,0,43,41,2
lake_erie,24,0,24,24,0
krill,7,0,7,6,1
hermes_and_the_infant_dionysus,1,0,1,1,0
giant_steps_(composition),1,0,1,0,1
"bartleby,_the_scrivener",96,54,42,90,6
malt,6,0,6,5,1
the_queen_of_spades_(opera),2,0,2,2,0
urizen,25,0,25,25,0
nazca_lines,2,0,2,2,0
richard_avedon,2,0,2,2,0
aldous_huxley,344,225,119,333,11
the_consolation_of_philosophy,125,122,3,122,3
andromeda_(constellation),20,0,20,20,0
stonehenge,98,82,16,97,1
lesotho,7,0,7,7,0
chicago_school_(sociology),26,0,26,24,2
panama_canal,6,0,6,6,0
walter_scott,747,161,586,720,27
solomon_asch,63,0,63,61,2
asexual_reproduction,14,0,14,13,1
michel_foucault,58,0,58,55,3
seoul,9,0,9,9,0
leo_tolstoy,525,298,227,501,24
marfan_syndrome,19,0,19,18,1
chirality_(chemistry),26,0,26,22,4
ethics,137,0,137,134,3
eleusinian_mysteries,103,0,103,101,2
isenheim_altarpiece,5,0,5,5,0
tiresias,71,0,71,70,1
baker_v._carr,1,0,1,1,0
great_zimbabwe,95,81,14,91,4
richard_cory,23,14,9,22,1
the_raft_of_the_medusa,12,0,12,12,0
botulism,83,43,40,79,4
symphony_no._2_(mahler),2,0,2,2,0
isaac,15,0,15,15,0
transfiguration_of_jesus,6,0,6,6,0
salamander,34,0,34,33,1
pegasus,80,10,70,78,2
phaedrus_(dialogue),67,0,67,65,2
odin,450,282,168,441,9
balmer_series,18,0,18,17,1
ulster_cycle,8,0,8,8,0
the_dream_of_gerontius,11,0,11,10,1
osiris,146,0,146,142,4
wilfrid_sellars,4,0,4,4,0
genoa,3,0,3,3,0
snake_river,104,54,50,102,2
azerbaijan_(iran),2,0,2,1,1
charon_(mythology),7,0,7,7,0
octet_rule,5,0,5,4,1
rashi,27,0,27,27,0
tahiti,37,0,37,36,1
supercritical_fluid,29,0,29,27,2
penicillin,72,46,26,70,2
raja_raja_chola_i,31,0,31,28,3
coase_theorem,15,0,15,15,0
dorothea_lange,1,0,1,1,0
the_rivals,137,113,24,136,1
chlamydia_(genus),6,0,6,6,0
asgard,22,0,22,22,0
sandro_botticelli,1,0,1,1,0
jeremiah,18,0,18,17,1
booker_t._washington,59,24,35,57,2
medea,185,46,139,180,5
new_jersey,17,0,17,17,0
fine-structure_constant,186,139,47,179,7
hund's_rules,5,0,5,5,0
pandava,79,0,79,77,2
albatross,11,0,11,10,1
adriatic_sea,8,0,8,8,0
bilbao,4,0,4,4,0
karl_mannheim,29,0,29,28,1
brook_farm,104,74,30,101,3
umayyad_caliphate,283,135,148,270,13
nat_turner,11,0,11,11,0
eugene_ionesco,193,102,91,183,10
holden_caulfield,238,159,79,224,14
"anarchy,_state,_and_utopia",127,97,30,123,4
philosophical_skepticism,86,0,86,82,4
raman_scattering,215,134,81,214,1
fasting,111,0,111,110,1
zeus,274,0,274,268,6
centripetal_force,60,0,60,58,2
diffusion,283,150,133,272,11
almagest,4,0,4,4,0
lac_operon,37,0,37,33,4
nelson_mandela,305,101,204,296,9
tertullian,10,0,10,9,1
tissue_(biology),86,0,86,82,4
antarctica,36,0,36,35,1
luzon,27,0,27,26,1
alexander_glazunov,1,0,1,1,0
jared_diamond,5,0,5,4,1
ozonolysis,29,0,29,29,0
willem_de_kooning,1,0,1,1,0
justinian_i,302,133,169,285,17
johann_gottlieb_fichte,216,171,45,206,10
virus,113,0,113,109,4
the_temple_of_the_golden_pavilion,225,146,79,216,9
nirvana,16,0,16,16,0
massacre_of_the_innocents,13,0,13,13,0
lester_b._pearson,138,115,23,133,5
harbin,6,0,6,5,1
aramaic_language,10,0,10,10,0
column_chromatography,14,0,14,14,0
sierra_nevada_(u.s.),14,0,14,14,0
ascanius,13,0,13,12,1
nullification_(u.s._constitution),6,0,6,6,0
evapotranspiration,6,0,6,6,0
un_ballo_in_maschera,3,0,3,3,0
barkhausen_effect,6,0,6,6,0
bay_of_pigs_invasion,192,48,144,189,3
maya_hero_twins,131,0,131,129,2
isambard_kingdom_brunel,8,0,8,7,1
oscar_wilde,705,247,458,682,23
ergot,13,0,13,13,0
srivijaya,21,0,21,20,1
allosteric_regulation,43,0,43,41,2
thoth,343,289,54,332,11
finlandia_hymn,3,0,3,3,0
croatia,3,0,3,3,0
peleus,55,0,55,54,1
simon_magus,29,0,29,29,0
compressibility,7,0,7,7,0
arcturus,6,0,6,6,0
van_de_graaff_generator,9,0,9,9,0
ganesha,337,147,190,331,6
george_stigler,3,0,3,3,0
jean-paul_sartre,26,0,26,22,4
ravana,130,0,130,126,4
availability_heuristic,25,0,25,25,0
al_franken,4,0,4,4,0
dipole,57,0,57,55,2
the_rime_of_the_ancient_mariner,175,92,83,172,3
w._b._yeats,262,0,262,250,12
gaia_hypothesis,43,0,43,40,3
abstract_expressionism,6,0,6,6,0
alasdair_macintyre,20,0,20,18,2
rutherford_b._hayes,424,125,299,410,14
adrenal_gland_disorder,59,0,59,56,3
thor,119,0,119,117,2
animal_farm,196,116,80,186,10
turandot_(busoni),2,0,2,2,0
mardi_gras,8,0,8,8,0
objectivism_(ayn_rand),138,0,138,134,4
manzanar,9,0,9,9,0
max_schmitt_in_a_single_scull,1,0,1,1,0
leto,158,0,158,153,5
county_cork,6,0,6,6,0
gravitational_constant,36,0,36,36,0
fritz_haber,5,0,5,5,0
mercantilism,48,0,48,46,2
lucia_di_lammermoor,3,0,3,3,0
uther_pendragon,19,0,19,17,2
the_well-tempered_clavier,1,0,1,1,0
hardness,6,0,6,6,0
isostasy,3,0,3,3,0
havelock_ellis,6,0,6,6,0
the_love_song_of_j._alfred_prufrock,112,43,69,108,4
alpha_centauri,15,0,15,15,0
blue_ridge_mountains,1,0,1,1,0
muqaddimah,74,0,74,70,4
"anthony_giddens,_baron_giddens",80,0,80,79,1
thomas_cole,1,0,1,1,0
virgil_thomson,1,0,1,1,0
philip_zimbardo,29,0,29,28,1
finnegans_wake,436,59,377,417,19
greenland,9,0,9,8,1
cerebrum,10,0,10,10,0
carlos_fuentes,406,261,145,389,17
metaphysics_(aristotle),28,0,28,26,2
omnipotence,4,0,4,4,0
lincoln_cathedral,9,0,9,9,0
aleppo,21,0,21,21,0
insulin,273,117,156,260,13
mesocyclone,1,0,1,1,0
george_wallace,182,61,121,175,7
allen_ginsberg,370,110,260,359,11
groupthink,16,0,16,16,0
michaelis-menten_kinetics,21,0,21,20,1
annunciation,2,0,2,2,0
cat_on_a_hot_tin_roof,215,160,55,208,7
microcredit,6,0,6,6,0
book_of_joshua,6,0,6,6,0
kabuki,4,0,4,4,0
nature_(essay),2,0,2,1,1
rosetta_stone,77,63,14,77,0
small-world_experiment,20,0,20,20,0
zygmunt_bauman,5,0,5,5,0
gustave_flaubert,203,111,92,196,7
optic_nerve,23,0,23,23,0
camille_pissarro,13,0,13,11,2
falcon,1,0,1,1,0
carlo_gesualdo,3,0,3,3,0
gorgias_(dialogue),25,0,25,24,1
mulholland_drive_(film),74,0,74,73,1
ivan_turgenev,437,271,166,418,19
kalevala,100,0,100,99,1
retrovirus,18,0,18,17,1
hermaphroditus,10,0,10,10,0
deccan_plateau,29,0,29,29,0
mackinac_island,8,0,8,8,0
chordate,5,0,5,4,1
bucharest,5,0,5,5,0
ariel_(the_tempest),16,0,16,16,0
black_panther_party,115,57,58,114,1
grammatology,1,0,1,1,0
hess's_law,11,0,11,9,2
arthur_eddington,38,0,38,37,1
autophagy,75,0,75,72,3
serengeti,4,0,4,4,0
francis_ysidro_edgeworth,7,0,7,7,0
charles_darwin,90,0,90,86,4
guernica_(painting),3,0,3,3,0
actinide,23,0,23,22,1
critical_period,18,0,18,18,0
requiem,18,0,18,18,0
the_rules_of_the_game,2,0,2,2,0
modest_mussorgsky,3,0,3,3,0
scott_joplin,6,0,6,6,0
chartres_cathedral,16,0,16,15,1
rio_de_janeiro_(state),1,0,1,1,0
nosebleed,2,0,2,2,0
melbourne,15,0,15,15,0
melville_j._herskovits,2,0,2,2,0
"camillo_benso,_count_of_cavour",101,57,44,97,4
tobacco_mosaic_virus,3,0,3,2,1
salome_(opera),4,0,4,4,0
charge-coupled_device,44,0,44,41,3
outer_banks,1,0,1,1,0
colorado,28,0,28,28,0
amphitryon,6,0,6,6,0
inti,15,0,15,14,1
john_dewey,230,79,151,217,13
henry_ii_of_france,6,0,6,5,1
great_salt_lake,26,0,26,26,0
parvati,251,0,251,248,3
william_howard_taft,366,147,219,350,16
ptolemy,13,0,13,13,0
jonathan_edwards_(theologian),26,0,26,25,1
peer_gynt,27,0,27,27,0
prostate_cancer,53,0,53,52,1
waggle_dance,2,0,2,2,0
charles_fourier,8,0,8,8,0
the_ghosts_of_versailles,5,0,5,5,0
aegean_sea,4,0,4,4,0
retina,169,101,68,163,6
pair_production,1,0,1,1,0
the_last_temptation_of_christ_(film),8,0,8,7,1
benvenuto_cellini,30,0,30,30,0
ur,19,0,19,18,1
positivism,162,0,162,157,5
nuclear_force,25,0,25,25,0
uranium,85,0,85,82,3
elements_of_the_philosophy_of_right,2,0,2,2,0
scapegoat,10,0,10,9,1
johannes_vermeer,3,0,3,3,0
rabies,31,0,31,31,0
canonization,10,0,10,9,1
elektra_(opera),13,0,13,13,0
utilitarianism,131,0,131,127,4
the_market_for_lemons,5,0,5,5,0
channeled_scablands,1,0,1,1,0
daniel_deronda,162,65,97,158,4
david_garrick,2,0,2,2,0
population_inversion,69,0,69,69,0
a_clockwork_orange,229,121,108,219,10
mircea_eliade,294,0,294,282,12
kennewick_man,12,0,12,11,1
diffraction,144,88,56,138,6
john_c._calhoun,294,163,131,286,8
friedmann_equations,13,0,13,13,0
carl_maria_von_weber,3,0,3,2,1
armadillo,4,0,4,4,0
lake_malawi,101,82,19,99,2
muscular_dystrophy,3,0,3,3,0
theotokos,6,0,6,5,1
the_age_of_innocence,174,139,35,169,5
totem,8,0,8,8,0
cobalt,147,72,75,141,6
amaterasu,8,0,8,8,0
ypres,2,0,2,2,0
anomalous_monism,3,0,3,3,0
students_for_a_democratic_society,8,0,8,7,1
thomas_eakins,19,0,19,18,1
umbriel_(moon),16,0,16,15,1
x-ray_crystallography,196,0,196,191,5
thunderbird_(cryptozoology),4,0,4,3,1
whooping_crane,2,0,2,2,0
henry_moseley,20,0,20,19,1
portuguese_language,8,0,8,8,0
mistletoe,13,0,13,12,1
the_mystery_of_edwin_drood,191,107,84,185,6
isaiah,67,56,11,67,0
eastern_orthodox_church,241,0,241,238,3
archaeopteryx,4,0,4,4,0
credit_mobilier_of_america_scandal,134,81,53,129,5
laminar_flow,3,0,3,3,0
montserrat,3,0,3,3,0
walter_benjamin,36,0,36,35,1
obesity,37,0,37,34,3
night_of_the_long_knives,214,148,66,208,6
rosenhan_experiment,8,0,8,7,1
the_watchtower,4,0,4,4,0
oxford_movement,1,0,1,1,0
nagarjuna,12,0,12,12,0
holy_prepuce,2,0,2,2,0
skylab,7,0,7,6,1
gran_chaco,2,0,2,2,0
stanley_fish,8,0,8,8,0
aaron_burr,401,187,214,388,13
guan_yu,49,0,49,47,2
bromine,74,0,74,70,4
nixon_in_china_(opera),2,0,2,2,0
ghent,1,0,1,1,0
love_in_the_time_of_cholera,247,198,49,233,14
shabbat,40,0,40,39,1
biodiversity,27,0,27,27,0
capital_(economics),7,0,7,6,1
mount_kosciuszko,1,0,1,1,0
john_singleton_copley,16,0,16,15,1
golden_horde,393,173,220,377,16
laffer_curve,91,70,21,88,3
hittites,227,128,99,213,14
thiamine,151,0,151,144,7
dhimmi,14,0,14,14,0
strabo,11,0,11,11,0
anaphase,48,48,0,44,4
guru_gobind_singh,55,0,55,55,0
journey_to_the_west,77,0,77,77,0
te_deum_laudamus_(sullivan),1,0,1,1,0
essequibo_river,2,0,2,1,1
politics_(aristotle),6,0,6,6,0
contact_process,9,0,9,9,0
volpone,164,114,50,153,11
sinners_in_the_hands_of_an_angry_god,51,51,0,50,1
pepsin,39,0,39,34,5
the_swimming_hole,1,0,1,1,0
nitrile,40,0,40,38,2
antichrist,19,0,19,19,0
battle_of_midway,100,40,60,96,4
symphony_no._8_(mahler),12,0,12,12,0
la_gioconda_(opera),3,0,3,2,1
gene_knockout,2,0,2,2,0
hydrolysis,29,0,29,28,1
aniline,37,0,37,35,2
large_intestine,12,0,12,11,1
operant_conditioning,9,0,9,9,0
henry_james,852,182,670,827,25
moons_of_uranus,7,0,7,7,0
the_third_man,3,0,3,3,0
trumpet,3,0,3,3,0
cloud_seeding,12,0,12,11,1
pierre_trudeau,167,66,101,162,5
the_four_seasons_(poussin),1,0,1,1,0
plato,292,99,193,285,7
julius_nyerere,150,128,22,148,2
kenneth_waltz,4,0,4,4,0
ode_to_a_nightingale,216,67,149,210,6
meiosis,139,76,63,127,12
robert_herrick_(poet),103,85,18,99,4
danse_macabre,7,0,7,7,0
old_church_slavonic,7,0,7,7,0
tomato,37,0,37,37,0
suleiman_the_magnificent,271,124,147,258,13
sukkot,128,78,50,126,2
war_of_devolution,146,109,37,139,7
daniel_boone,243,130,113,235,8
houston,6,0,6,6,0
antelope,10,0,10,10,0
liquid_crystal,309,124,185,300,9
mahabharata,177,0,177,172,5
rosa_luxemburg,10,0,10,10,0
zeus_(dc_comics),26,0,26,26,0
triassic,1,0,1,1,0
brahma,149,107,42,146,3
thomas_hart_benton_(politician),122,86,36,118,4
billiards_at_half-past_nine,8,0,8,8,0
battle_of_the_coral_sea,82,28,54,81,1
tezcatlipoca,364,256,108,357,7
tritium,48,0,48,48,0
optical_aberration,38,0,38,38,0
conch_republic,1,0,1,1,0
aspartic_acid,3,0,3,3,0
alkene,179,74,105,169,10
hainan,27,0,27,26,1
romer_v._evans,4,0,4,4,0
triple-alpha_process,15,0,15,14,1
carnot_cycle,7,0,7,6,1
math_fab_mathonwy,26,0,26,25,1
genetic_recombination,27,0,27,25,2
truth,159,0,159,151,8
cinema_novo,3,0,3,3,0
durga,26,0,26,26,0
the_marriage_of_figaro,24,0,24,24,0
potts_model,30,0,30,29,1
ionosphere,61,0,61,61,0
diagnostic_and_statistical_manual_of_mental_disorders,41,0,41,40,1
ivan_pavlov,16,0,16,14,2
northern_territory,3,0,3,3,0
hofmann_elimination,69,69,0,67,2
warren_jeffs,15,0,15,15,0
theodore_dreiser,285,175,110,272,13
thomas_gray,57,32,25,55,2
ludwig_mies_van_der_rohe,3,0,3,2,1
green_river_(colorado_river),22,0,22,22,0
hermann_ebbinghaus,5,0,5,5,0
gibbs_free_energy,224,125,99,220,4
whiskey_ring,64,46,18,63,1
george_wald,6,0,6,6,0
satyajit_ray,8,0,8,8,0
polynices,11,0,11,10,1
gawain,30,0,30,30,0
robert_h._dicke,7,0,7,7,0
pierre-joseph_proudhon,57,0,57,54,3
the_charterhouse_of_parma,295,146,149,285,10
david,69,0,69,64,5
dream_a_little_dream_of_me,1,0,1,1,0
john_maynard_keynes,178,93,85,168,10
william_cullen_bryant,266,198,68,260,6
diethyl_ether,15,0,15,14,1
muhammad,380,83,297,372,8
lolita,552,122,430,532,20
shays'_rebellion,173,108,65,168,5
systems_of_consanguinity_and_affinity_of_the_human_family,7,0,7,7,0
henry_miller,183,127,56,177,6
fatimid_caliphate,9,0,9,9,0
gunpowder_plot,285,116,169,275,10
stomach,161,114,47,155,6
astronomical_unit,6,0,6,6,0
samuel_gompers,114,98,16,112,2
argos,24,0,24,23,1
argon,26,0,26,24,2
crime_and_punishment,515,133,382,492,23
the_undertaker,14,0,14,14,0
fallingwater,2,0,2,2,0
evidence_(law),5,0,5,5,0
steel,18,0,18,18,0
teutonic_knights,323,196,127,305,18
restriction_enzyme,28,0,28,27,1
le_chatelier's_principle,5,0,5,5,0
susanoo,32,0,32,32,0
vanity_fair_(novel),569,196,373,546,23
pellinore,2,0,2,2,0
john_ashbery,5,0,5,5,0
platypus,28,0,28,27,1
mitochondrion,307,94,213,297,10
edward_weston,13,0,13,13,0
cell_nucleus,188,0,188,178,10
hamiltonian_mechanics,32,0,32,32,0
bassoon,7,0,7,7,0
on_the_genealogy_of_morality,25,0,25,25,0
ganges,237,0,237,235,2
hill_sphere,5,0,5,5,0
the_calling_of_st_matthew_(caravaggio),2,0,2,2,0
sirius,40,0,40,39,1
grammatical_aspect,2,0,2,2,0
eucharist,60,0,60,59,1
cell_wall,40,0,40,39,1
flagellation,10,0,10,10,0
cloud_chamber,5,0,5,5,0
radiation_pressure,84,0,84,83,1
seminole_wars,331,113,218,318,13
john_bardeen,22,0,22,22,0
dharma_(buddhism),3,0,3,3,0
wolfgang_amadeus_mozart,5,0,5,5,0
ampere,4,0,4,4,0
painting,16,0,16,16,0
constitution_of_japan,6,0,6,6,0
diels-alder_reaction,78,78,0,73,5
cp_violation,22,0,22,19,3
kalahari_desert,2,0,2,2,0
adenylate_cyclase,23,0,23,21,2
inductor,48,0,48,46,2
william_tell_(opera),10,0,10,9,1
georges_seurat,3,0,3,3,0
twelfth_night,293,183,110,283,10
spliceosome,14,0,14,14,0
proper_motion,7,0,7,7,0
treaty_of_ghent,136,124,12,131,5
technetium,65,0,65,64,1
the_tales_of_hoffmann,5,0,5,5,0
impeachment,7,0,7,6,1
long_day's_journey_into_night,309,211,98,298,11
lake_pontchartrain,3,0,3,3,0
luminosity,19,0,19,19,0
dada,13,0,13,13,0
the_essence_of_christianity,3,0,3,3,0
hosea,2,0,2,2,0
giovanni_bellini,1,0,1,1,0
quantum_harmonic_oscillator,39,0,39,37,2
lysozyme,7,0,7,5,2
anomie,101,89,12,98,3
saint_basil's_cathedral,13,0,13,13,0
mary_wollstonecraft,87,0,87,82,5
legalism_(chinese_philosophy),2,0,2,2,0
carboniferous,5,0,5,5,0
antonio_canova,7,0,7,7,0
wolfgang_pauli,34,0,34,31,3
dualism_(philosophy_of_mind),64,0,64,64,0
methionine,11,0,11,11,0
trilobite,13,0,13,13,0
darius_milhaud,1,0,1,1,0
fluid_mechanics,82,0,82,80,2
sergei_prokofiev,1,0,1,1,0
suryavarman_ii,12,0,12,12,0
aimee_semple_mcpherson,139,0,139,132,7
luddite,143,133,10,139,4
rama,567,255,312,553,14
categorical_imperative,25,0,25,23,2
gran_plot,8,0,8,8,0
carbonyl,16,0,16,16,0
a_connecticut_yankee_in_king_arthur's_court,236,101,135,223,13
ukko,16,0,16,16,0
castor_et_pollux,9,0,9,9,0
mabinogion,3,0,3,3,0
state_of_franklin,65,58,7,64,1
coral_sea_islands,3,0,3,3,0
titan_(moon),72,29,43,69,3
louisiana,19,0,19,19,0
meningitis,55,0,55,53,2
altruism,71,0,71,70,1
tokugawa_ieyasu,204,135,69,199,5
laser,118,0,118,116,2
pierre_gassendi,43,0,43,43,0
zion_national_park,15,0,15,13,2
aesthetics,186,0,186,180,6
atlas_shrugged,57,0,57,55,2
catalan_number,7,0,7,6,1
van_der_waals_force,15,0,15,13,2
manon_lescaut_(puccini),1,0,1,1,0
antigone_(sophocles),238,156,82,229,9
grande_odalisque,1,0,1,1,0
the_raven,294,177,117,285,9
rachel,5,0,5,5,0
perspective_(graphical),20,0,20,20,0
catch_22,205,88,117,195,10
bali,173,110,63,170,3
grover_cleveland,555,172,383,537,18
tristan_da_cunha,4,0,4,4,0
the_ambassadors,187,129,58,182,5
london_equations,9,0,9,9,0
dinah,17,0,17,17,0
great_expectations_(1946_film),1,0,1,1,0
max_stirner,47,0,47,44,3
sperm_whale,38,0,38,38,0
neorealism_(international_relations),1,0,1,1,0
casparian_strip,4,0,4,4,0
wabash_river,29,0,29,28,1
henry_morton_stanley,98,82,16,98,0
igor_stravinsky,11,0,11,11,0
futurama,14,0,14,14,0
nicodemus,2,0,2,2,0
axial_age,6,0,6,6,0
peter_the_great,245,126,119,236,9
beryllium,119,0,119,115,4
julia_kristeva,10,0,10,9,1
zimbabwe,26,0,26,26,0
quantity_theory_of_money,21,0,21,20,1
placenta,132,109,23,126,6
emma,511,288,223,491,20
christopher_wren,18,0,18,18,0
rise_and_fall_of_the_city_of_mahagonny,12,0,12,12,0
all_quiet_on_the_western_front,411,212,199,393,18
porfirio_diaz,151,108,43,146,5
charles_river,3,0,3,3,0
their_eyes_were_watching_god,331,201,130,316,15
cindy_sherman,1,0,1,1,0
dahomey,23,0,23,22,1
non-newtonian_fluid,4,0,4,4,0
mozambique,18,0,18,18,0
james_agee,171,135,36,167,4
third_crusade,236,147,89,229,7
uncertainty_principle,124,0,124,119,5
john_sherman,425,166,259,405,20
charles_sanders_peirce,274,129,145,262,12
utilitarianism_(book),105,94,11,101,4
cellulose,134,100,34,130,4
neurofibromatosis_type_i,11,0,11,11,0
pressure,92,0,92,90,2
second_bank_of_the_united_states,140,117,23,138,2
nicene_creed,14,0,14,14,0
the_decay_of_the_angel,5,0,5,5,0
book_of_kells,16,0,16,16,0
wormwood_(bible),5,0,5,5,0
common_sense,180,0,180,173,7
burma,14,0,14,14,0
frontier_thesis,6,0,6,6,0
cell_membrane,83,0,83,82,1
axon,125,106,19,117,8
mormonism,63,0,63,63,0
channel_islands,1,0,1,1,0
reaction_rate,48,0,48,46,2
hatshepsut,75,0,75,71,4
slovakia,9,0,9,8,1
gravitational_redshift,49,0,49,49,0
carbon_dioxide,95,0,95,91,4
the_count_of_monte_cristo,361,68,293,345,16
cleavage_furrow,11,0,11,10,1
battle_of_kings_mountain,130,104,26,125,5
christopher_columbus,274,91,183,261,13
quinine_total_synthesis,13,0,13,13,0
apollo,651,74,577,632,19
anton_bruckner,3,0,3,3,0
georgia_o'keeffe,12,0,12,12,0
volga_river,16,0,16,16,0
reinforcement,18,0,18,17,1
flux_(metallurgy),17,0,17,16,1
john_coltrane,18,0,18,17,1
baptism,84,0,84,84,0
orange_river,22,0,22,21,1
edward_elgar,16,0,16,15,1
slime_mold,4,0,4,4,0
baffin_island,7,0,7,7,0
aristotle,198,0,198,193,5
walpurgis_night,11,0,11,11,0
tristan_und_isolde,15,0,15,13,2
vitamin_k,211,94,117,200,11
germ_layer,17,0,17,16,1
sharia,39,0,39,38,1
vitamin_c,192,86,106,184,8
vitamin_a,53,0,53,50,3
vitamin_d,67,0,67,63,4
vitamin_e,7,0,7,6,1
geography_of_malawi,7,0,7,7,0
division_of_labour,32,0,32,31,1
fahrenheit_451,28,0,28,28,0
tintoretto,10,0,10,9,1
chemical_potential,239,117,122,230,9
sarah_siddons,5,0,5,5,0
sublime_(philosophy),24,0,24,24,0
benedict_anderson,2,0,2,2,0
the_poverty_of_historicism,3,0,3,3,0
eos,18,0,18,18,0
winnemac_(fictional_u.s._state),1,0,1,1,0
adam_bede_(character),289,78,211,278,11
realism_(international_relations),8,0,8,7,1
pecos_bill,1,0,1,1,0
tower_of_hanoi,5,0,5,5,0
protagoras_(dialogue),13,0,13,13,0
entropy,323,144,179,313,10
crete,32,0,32,32,0
federal_reserve_system,30,0,30,28,2
orpheus,169,0,169,167,2
heraclitus,43,0,43,43,0
faust_(opera),7,0,7,7,0
electron_transport_chain,156,91,65,146,10
roger_williams_(theologian),106,56,50,101,5
jean_cocteau,3,0,3,3,0
captain_marvel_(dc_comics),83,0,83,82,1
jacobus_henricus_van_'t_hoff,3,0,3,3,0
bellerophon,298,213,85,291,7
sunday_in_the_park_with_george,1,0,1,1,0
fafnir,27,0,27,27,0
gulliver's_travels_(miniseries),9,0,9,9,0
"henry_cabot_lodge,_jr.",111,91,20,107,4
growth_hormone,57,0,57,53,4
mughal_empire,187,107,80,176,11
enigma_variations,4,0,4,4,0
cultural_revolution,367,234,133,347,20
triton_(moon),25,7,18,24,1
jamaica,234,156,78,225,9
chagas_disease,27,0,27,26,1
nuclear_binding_energy,106,0,106,104,2
ajax_(sophocles),4,0,4,4,0
battle_of_hastings,237,148,89,226,11
kaliningrad,5,0,5,5,0
meditation,109,0,109,109,0
john_locke,197,108,89,190,7
active_galactic_nucleus,9,0,9,9,0
john_adams_(miniseries),8,0,8,8,0
amun,48,0,48,45,3
petra,20,0,20,20,0
the_feast_in_the_house_of_levi,1,0,1,1,0
chronicle_of_a_death_foretold,194,113,81,184,10
pluto,10,0,10,10,0
bangkok,17,0,17,17,0
weak_interaction,43,0,43,41,2
verbal_behavior,28,0,28,28,0
bruno_bettelheim,146,127,19,142,4
second_temple,29,0,29,28,1
velocity_of_money,1,0,1,1,0
mannerism,9,0,9,9,0
wilhelm_rontgen,7,0,7,7,0
assyria,61,0,61,60,1
mount_fuji,10,0,10,10,0
falstaff_(opera),7,0,7,7,0
younger_dryas,1,0,1,1,0
honey_bee_pheromones,1,0,1,0,1
tydeus,25,0,25,24,1
sarah,69,0,69,68,1
in_the_mood_for_love,4,0,4,4,0
mystical_marriage_of_saint_catherine,5,0,5,5,0
les_huguenots,7,0,7,7,0
anaxagoras,10,0,10,10,0
helmholtz_free_energy,184,138,46,179,5
indiana,11,0,11,9,2
sarah_bernhardt,1,0,1,1,0
gerard_manley_hopkins,143,43,100,135,8
curvature,75,0,75,73,2
democritus,141,110,31,137,4
unam_sanctam,4,0,4,4,0
frederick_jackson_turner,4,0,4,4,0
kabbalah,141,0,141,135,6
edward_hicks,5,0,5,5,0
human_genome_project,8,0,8,8,0
bertolt_brecht,177,56,121,171,6
acetylcholine,160,105,55,151,9
satyagraha,1,0,1,1,0
mansfield_park,294,145,149,281,13
urea,112,0,112,108,4
foot_binding,12,0,12,11,1
franz_boas,309,95,214,299,10
masaccio,4,0,4,4,0
seaborgium,5,0,5,5,0
chiron,70,0,70,69,1
dyson_sphere,9,0,9,9,0
cancer_(constellation),7,0,7,7,0
patella,1,0,1,1,0
aryl_halide,12,0,12,12,0
harry_stack_sullivan,6,0,6,6,0
alpha_particle,32,0,32,32,0
pseudo-dionysius_the_areopagite,15,0,15,15,0
kenneth_arrow,45,34,11,44,1
mackenzie_river,42,0,42,41,1
claude_shannon,8,0,8,8,0
"absalom,_absalom!",201,131,70,196,5
federalist_papers,16,0,16,16,0
herbert_a._simon,57,0,57,57,0
edict_of_nantes,114,85,29,112,2
epinephrine,67,0,67,64,3
ramadan,35,0,35,34,1
medusa,185,101,84,176,9
salmonella,26,0,26,26,0
hypnos,142,88,54,136,6
david_copperfield_(character),287,237,50,284,3
armory_show,3,0,3,3,0
huffman_coding,3,0,3,3,0
candide,677,152,525,650,27
acupuncture,21,0,21,21,0
electra,10,0,10,10,0
stegosaurus,11,0,11,11,0
collagen,156,76,80,146,10
the_rape_of_the_lock,173,116,57,167,6
giacomo_meyerbeer,9,0,9,9,0
thomas_friedman,16,0,16,16,0
james_a._garfield,589,142,447,568,21
zeta_potential,5,0,5,5,0
python_(programming_language),3,0,3,3,0
oxygen,152,0,152,150,2
gini_coefficient,18,0,18,17,1
work_function,47,0,47,45,2
the_glass_menagerie,122,72,50,116,6
mie_scattering,24,0,24,24,0
hooke's_law,142,0,142,140,2
lactic_acid,173,142,31,170,3
battle_of_trenton,187,113,74,184,3
alkane,128,0,128,123,5
divine_right_of_kings,8,0,8,8,0
the_screwtape_letters,2,0,2,2,0
taliesin,151,112,39,146,5
palm_islands,1,0,1,1,0
rem_koolhaas,6,0,6,5,1
critique_of_practical_reason,164,136,28,160,4
binary_star,28,0,28,28,0
british_virgin_islands,7,0,7,7,0
clifford_geertz,174,144,30,167,7
parmenides_(dialogue),2,0,2,2,0
edith_wharton,189,115,74,179,10
max_ernst,5,0,5,5,0
molecular_orbital_theory,164,92,72,156,8
transfer_rna,127,94,33,119,8
david_(donatello),10,0,10,10,0
transketolase,28,0,28,25,3
memristor,80,0,80,78,2
rick_warren,4,0,4,3,1
color_blindness,11,0,11,11,0
kiwi,2,0,2,2,0
interphase,2,0,2,2,0
the_world_as_will_and_representation,29,0,29,27,2
two-dimensional_nuclear_magnetic_resonance_spectroscopy,38,0,38,38,0
bystander_effect,133,98,35,128,5
toronto,7,0,7,7,0
flora_purim,4,0,4,4,0
alfred_dreyfus,130,122,8,127,3
paul_taylor_(choreographer),4,0,4,4,0
dave_brubeck,4,0,4,4,0
vincent_van_gogh,21,0,21,20,1
auger_effect,152,152,0,148,4
horatio_gates,112,85,27,110,2
league_of_nations,418,136,282,405,13
long_island,11,0,11,10,1
galileo_(spacecraft),31,0,31,30,1
elgin_marbles,6,0,6,6,0
executive_privilege,2,0,2,2,0
pilgrimage,17,0,17,17,0
william_henry_harrison,281,90,191,274,7
viscosity,317,183,134,312,5
kwame_nkrumah,190,144,46,180,10
te_deum,3,0,3,3,0
lycidas,175,106,69,169,6
antidepressant,38,0,38,37,1
john_foster_dulles,120,77,43,115,5
efficient-market_hypothesis,26,0,26,25,1
the_plague,350,173,177,330,20
parmenides,211,180,31,201,10
grandma_moses,1,0,1,1,0
lucas_cranach_the_elder,8,0,8,8,0
chester_a._arthur,351,105,246,340,11
madeira,15,0,15,14,1
russell's_paradox,6,0,6,6,0
treaty_of_utrecht,154,142,12,150,4
consciousness,110,0,110,107,3
diomedes,613,228,385,594,19
pictures_at_an_exhibition,1,0,1,1,0
thelonious_monk,2,0,2,2,0
josef_von_sternberg,2,0,2,2,0
earth's_magnetic_field,87,0,87,84,3
personality,2,0,2,2,0
fomalhaut,6,0,6,6,0
samuel_j._tilden,71,63,8,66,5
ambrose_bierce,312,198,114,298,14
heimdallr,225,186,39,221,4
quantum_computer,19,0,19,19,0
the_wedding_at_cana,2,0,2,2,0
henry_hudson,176,118,58,167,9
the_work_of_art_in_the_age_of_mechanical_reproduction,3,0,3,3,0
angry_young_men,3,0,3,3,0
colloid,41,0,41,40,1
darling_river,5,0,5,5,0
abraham_maslow,171,122,49,163,8
jorge_luis_borges,589,111,478,572,17
ludwig_van_beethoven,21,0,21,20,1
erewhon,177,134,43,163,14
earl_warren,192,120,72,187,5
homestead_strike,119,95,24,117,2
common_sense_(pamphlet),8,0,8,8,0
electronvolt,14,0,14,14,0
salt_lake_city,15,0,15,15,0
draco_(constellation),8,0,8,8,0
aral_sea,3,0,3,3,0
metropolis_(1927_film),15,0,15,15,0
transcendentalism,3,0,3,3,0
alexander_kerensky,239,218,21,233,6
i_ching,7,0,7,7,0
snow_country,245,206,39,234,11
agil_paradigm,3,0,3,3,0
dlvo_theory,12,0,12,12,0
orion_(mythology),655,260,395,636,19
emmanuel_chabrier,1,0,1,1,0
carl_philipp_emanuel_bach,1,0,1,1,0
carbene,15,0,15,14,1
stress_(biology),125,0,125,122,3
muhammad_ali_jinnah,316,168,148,305,11
discipline_and_punish,92,74,18,88,4
magnetosphere,4,0,4,4,0
arms_and_the_man,206,169,37,198,8
dian_fossey,142,111,31,137,5
cytochrome_c_oxidase,37,0,37,36,1
hermann_von_helmholtz,4,0,4,2,2
lawrencium,5,0,5,5,0
parthian_empire,403,128,275,382,21
william_wordsworth,266,132,134,260,6
ivan_the_terrible,254,127,127,238,16
"sickle_cell_anemia,_a_molecular_disease",3,0,3,3,0
carbanion,7,0,7,7,0
impromptus_(schubert),3,0,3,3,0
ophelia_(painting),2,0,2,2,0
rna_editing,21,0,21,21,0
columbia_river,141,97,44,136,5
carbonic_anhydrase,94,89,5,82,12
homo_erectus,135,128,7,131,4
loop_quantum_gravity,156,0,156,153,3
threshold_voltage,3,0,3,3,0
persepolis,10,0,10,10,0
mount_kinabalu,5,0,5,5,0
heinrich_hertz,37,0,37,36,1
cold_fusion,43,0,43,42,1
geography_of_ivory_coast,2,0,2,2,0
dagon,16,0,16,16,0
steppenwolf_(novel),113,66,47,105,8
decibel,51,0,51,51,0
gabriela_mistral,145,102,43,140,5
lithium,147,70,77,142,5
pancho_villa,173,78,95,167,6
pierre_corneille,147,119,28,143,4
meistersinger,2,0,2,2,0
chicago_school_of_economics,53,0,53,52,1
hysteresis,184,91,93,174,10
patagonia,51,0,51,51,0
apparent_magnitude,3,0,3,3,0
minkowski_space,7,0,7,7,0
vermont,17,0,17,17,0
myrrha,182,0,182,180,2
haruki_murakami,401,251,150,389,12
yenisei_river,12,0,12,12,0
fermilab,8,0,8,8,0
cisplatin,3,0,3,3,0
kali,175,0,175,171,4
edmonton,17,0,17,17,0
conjugate_variables_(thermodynamics),20,0,20,20,0
brahmaputra_river,14,0,14,13,1
kublai_khan,400,156,244,376,24
die_meistersinger_von_nurnberg,14,0,14,13,1
thyroid,209,104,105,199,10
cervix,14,0,14,14,0
transformer,67,0,67,67,0
sharpless_asymmetric_dihydroxylation,9,0,9,9,0
geography_of_switzerland,30,0,30,30,0
battle_of_caporetto,153,136,17,148,5
xibalba,1,0,1,1,0
phillis_wheatley,139,115,24,132,7
calcium_signaling,11,0,11,10,1
calcium_carbonate,23,0,23,23,0
carboxylic_acid,30,0,30,29,1
david_lloyd_george,304,53,251,300,4
vasco_da_gama,167,67,100,158,9
rip_van_winkle,192,89,103,184,8
gender_trouble,10,0,10,10,0
schenck_v._united_states,49,40,9,48,1
polarization_(waves),235,113,122,228,7
wuthering_heights,418,178,240,407,11
anaerobic_respiration,15,0,15,15,0
peking_man,3,0,3,3,0
dialogues_of_the_carmelites,1,0,1,0,1
denaturation_(biochemistry),3,0,3,2,1
problem_of_induction,7,0,7,7,0
criminology,72,0,72,71,1
emile_zola,112,88,24,111,1
second_boer_war,408,97,311,397,11
central_african_republic,5,0,5,5,0
aeneas,193,118,75,186,7
thomas_hardy,500,230,270,480,20
frame-dragging,28,0,28,28,0
spiro_agnew,121,72,49,116,5
mithra,18,0,18,18,0
colorado_river,46,0,46,45,1
yerevan,13,0,13,12,1
octopus,18,0,18,17,1
the_overcoat,98,77,21,94,4
all_the_king's_men,73,25,48,69,4
tetanus,71,49,22,71,0
magnetic_field,287,84,203,277,10
aubrey_beardsley,2,0,2,2,0
olivier_messiaen,8,0,8,8,0
antonio_de_oliveira_salazar,117,87,30,116,1
john_the_baptist,173,0,173,172,1
schwarzschild_radius,3,0,3,3,0
william_hogarth,7,0,7,7,0
treemonisha,2,0,2,2,0
prince_edward_island,8,0,8,7,1
new_guinea,27,0,27,26,1
kodiak_island,1,0,1,1,0
david_hilbert,34,0,34,33,1
critique_of_judgment,25,0,25,23,2
basilica_of_san_francesco_d'assisi,3,0,3,3,0
first_epistle_to_the_thessalonians,1,0,1,1,0
papal_infallibility,31,0,31,29,2
priam,9,0,9,9,0
gene_conversion,18,0,18,17,1
paris_(mythology),139,0,139,138,1
isis,517,252,265,499,18
prospect_theory,3,0,3,3,0
aldol_reaction,150,60,90,143,7
john_dos_passos,155,55,100,148,7
khnum,12,0,12,12,0
twilight_of_the_idols,6,0,6,6,0
aorta,80,49,31,75,5
ezekiel,12,0,12,12,0
caenorhabditis_elegans,105,81,24,103,2
claes_oldenburg,3,0,3,3,0
bodhisattva,3,0,3,3,0
the_subjection_of_women,3,0,3,2,1
samarkand,5,0,5,5,0
eddy_covariance,1,0,1,1,0
shrine,24,0,24,24,0
dna_replication,39,0,39,35,4
hans_island,1,0,1,1,0
cyclohexane,142,119,23,132,10
ordovician,6,0,6,6,0
the_gift_(book),130,130,0,124,6
haman_(biblical_figure),6,0,6,6,0
jacopo_della_quercia,5,0,5,5,0
alberto_giacometti,1,0,1,1,0
henry_cabot_lodge,157,98,59,153,4
saint_christopher,8,0,8,8,0
the_duchess_of_malfi,437,135,302,416,21
gonorrhea,16,0,16,16,0
el_greco,9,0,9,9,0
solar_wind,22,0,22,22,0
noise_(electronics),35,0,35,34,1
planck_constant,278,0,278,270,8
phosphorescence,3,0,3,3,0
mr._smith_goes_to_washington,1,0,1,1,0
work_(physics),111,0,111,108,3
green_algae,8,0,8,7,1
the_theory_of_moral_sentiments,24,0,24,24,0
idealism,110,0,110,105,5
"cry,_the_beloved_country",212,117,95,201,11
guggenheim_museum_bilbao,1,0,1,1,0
bubonic_plague,11,0,11,11,0
the_theory_of_communicative_action,20,0,20,19,1
monophysitism,4,0,4,4,0
jehovah's_witnesses,86,0,86,84,2
louis_daguerre,1,0,1,1,0
an_american_tragedy,160,113,47,156,4
on_liberty,60,0,60,59,1
stanley_kubrick,43,0,43,42,1
ezra,8,0,8,8,0
linus_pauling,79,0,79,75,4
aaron's_rod,13,0,13,13,0
psycholinguistics,5,0,5,5,0
comparative_advantage,102,85,17,98,4
black_body,46,0,46,45,1
george_gamow,30,0,30,30,0
giacomo_leopardi,41,0,41,40,1
battle_of_salamis,194,109,85,186,8
symphony_in_d_minor_(bruckner),1,0,1,1,0
johann_wolfgang_von_goethe,470,153,317,452,18
dawes_plan,69,54,15,67,2
little_albert_experiment,12,0,12,12,0
parkinson's_disease,67,0,67,64,3
ebola_virus,1,0,1,1,0
madonna_of_chancellor_rolin,1,0,1,1,0
margaret_atwood,236,152,84,222,14
herbert_marcuse,68,0,68,64,4
strontium,30,0,30,29,1
dubliners,93,68,25,92,1
mapp_v._ohio,32,28,4,32,0
winslow_homer,7,0,7,7,0
boxer_rebellion,344,121,223,330,14
yemen,30,0,30,27,3
anti-masonic_party,130,120,10,126,4
tasmanian_devil,44,0,44,41,3
montreal,7,0,7,7,0
mount_whitney,1,0,1,1,0
l'orfeo,16,0,16,16,0
activation_energy,12,0,12,12,0
adolf_hitler,454,128,326,430,24
triple_point,8,0,8,8,0
livy,4,0,4,4,0
igbo_people,60,0,60,58,2
charles_dickens,535,146,389,512,23
madelung_constant,2,0,2,2,0
driftless_area,25,0,25,25,0
report_on_manufactures,1,0,1,0,1
gustav_fechner,7,0,7,6,1
caroline_affair,110,105,5,108,2
as_you_like_it,215,98,117,206,9
rogier_van_der_weyden,2,0,2,2,0
zirconium,27,0,27,25,2
les_demoiselles_d'avignon,5,0,5,5,0
wien's_displacement_law,20,0,20,19,1
arabidopsis_thaliana,27,0,27,25,2
heart,67,0,67,65,2
black_hawk_war,278,153,125,268,10
gymnosperm,3,0,3,3,0
galen,53,0,53,53,0
gehenna,9,0,9,9,0
dante_alighieri,178,96,82,164,14
battle_of_actium,173,126,47,163,10
ahab,118,108,10,113,5
dialysis,10,0,10,8,2
karl_popper,214,61,153,204,10
nihilism,102,0,102,98,4
kullervo,6,0,6,6,0
uric_acid,42,0,42,39,3
kamakura_shogunate,111,92,19,110,1
nanook_of_the_north,2,0,2,2,0
otto_hahn,36,0,36,36,0
magnetic_flux,9,0,9,8,1
corona,74,0,74,71,3
deconstruction,149,0,149,142,7
siena_cathedral,12,0,12,12,0
palm_sunday,28,0,28,28,0
nitrogen,113,0,113,109,4
ruslan_and_lyudmila_(opera),8,0,8,8,0
bipolar_junction_transistor,36,0,36,35,1
the_magic_mountain,233,79,154,222,11
dead_souls,136,80,56,127,9
nitric_acid,153,91,62,148,5
toru_takemitsu,6,0,6,6,0
hydrogenation,67,0,67,63,4
seagram_building,1,0,1,1,0
the_burial_of_the_count_of_orgaz,1,0,1,1,0
filippino_lippi,1,0,1,1,0
yama,91,0,91,91,0
a_sunday_afternoon_on_the_island_of_la_grande_jatte,1,0,1,1,0
corpus_callosum,54,47,7,51,3
solubility,90,0,90,87,3
philoctetes,32,0,32,30,2
liberal_paradox,5,0,5,5,0
terry_riley,1,0,1,1,0
marcel_proust,170,103,67,164,6
concerto,4,0,4,4,0
the_concept_of_law,2,0,2,2,0
anthony_burgess,319,102,217,307,12
eugene_o'neill,395,249,146,381,14
john_cage,27,0,27,27,0
santa_catalina_mountains,1,0,1,1,0
langston_hughes,387,180,207,369,18
ambrose_burnside,254,207,47,248,6
stockholm,5,0,5,5,0
nematode,47,0,47,45,2
barry_goldwater,237,120,117,225,12
richard_wagner,47,0,47,44,3
cairo,11,0,11,11,0
anubis,28,0,28,27,1
pareto_efficiency,8,0,8,8,0
ghrelin,44,0,44,41,3
vendidad,10,0,10,9,1
nicolaou_taxol_total_synthesis,28,0,28,26,2
the_seagull,436,320,116,423,13
songs_without_words,1,0,1,1,0
bioko,1,0,1,1,0
pale_fire,178,134,44,168,10
the_art_of_fugue,7,0,7,7,0
sister_carrie,205,139,66,198,7
consumer_price_index,11,0,11,10,1
existentialism,192,0,192,188,4
wassily_kandinsky,14,0,14,13,1
quark,79,0,79,73,6
conservative_judaism,14,0,14,14,0
palazzo_pitti,4,0,4,4,0
public_sphere,9,0,9,9,0
sublimation_(phase_transition),4,0,4,4,0
imhotep,18,0,18,17,1
amino_acid,175,0,175,169,6
magnetic_potential,19,0,19,19,0
lady_gaga,21,0,21,21,0
toulouse,1,0,1,1,0
the_nightingale_(fairy_tale),3,0,3,3,0
jean-baptiste-camille_corot,6,0,6,6,0
myasthenia_gravis,8,0,8,7,1
pittsburgh,22,0,22,22,0
stephen_langton,1,0,1,1,0
on_the_jewish_question,31,0,31,30,1
prometheus,214,0,214,212,2
marvin_harris,14,0,14,13,1
uracil,111,85,26,108,3
baldr,262,206,56,256,6
semantics,6,0,6,6,0
robert_frost,411,168,243,402,9
entropy_(information_theory),46,0,46,46,0
andreas_vesalius,9,0,9,9,0
bronislaw_malinowski,170,170,0,163,7
photosynthesis,204,66,138,194,10
hydrogen_bond_catalysis,59,0,59,57,2
chlorophyll,32,0,32,32,0
loki,642,267,375,624,18
lascaux,3,0,3,3,0
gingivitis,3,0,3,3,0
lake_tanganyika,85,66,19,83,2
samuel_pepys,39,0,39,37,2
kvasir,11,0,11,11,0
fomorians,25,0,25,25,0
gangrene,12,0,12,11,1
great_leap_forward,11,0,11,9,2
olmec,24,0,24,24,0
angkor_wat,54,0,54,52,2
shark,41,0,41,41,0
the_phenomenology_of_spirit,257,157,100,245,12
reichstag_building,1,0,1,1,0
hydrogen_cyanide,18,0,18,17,1
the_turn_of_the_screw,253,176,77,245,8
timaeus_(dialogue),10,0,10,9,1
george_akerlof,3,0,3,3,0
f._scott_fitzgerald,386,152,234,370,16
tooth,16,0,16,16,0
abraham,130,0,130,127,3
light-emitting_diode,70,0,70,67,3
fourth_crusade,232,85,147,222,10
donatism,62,57,5,62,0
lateran_treaty,169,158,11,162,7
balthus,3,0,3,3,0
ariadne_auf_naxos,3,0,3,3,0
samhain,84,0,84,83,1
maine,171,93,78,168,3
proxima_centauri,17,0,17,17,0
george_orwell,607,118,489,590,17
cannon,8,0,8,7,1
samuel,199,187,12,194,5
oklahoma!,5,0,5,5,0
an_american_dilemma,1,0,1,1,0
canadian_shield,1,0,1,1,0
pietro_da_cortona,4,0,4,4,0
pamir_mountains,1,0,1,1,0
overtures_by_hector_berlioz,1,0,1,1,0
etching_(microfabrication),7,0,7,7,0
wallonia,3,0,3,3,0
"arthur_wellesley,_1st_duke_of_wellington",373,79,294,354,19
howards_end,394,317,77,382,12
limpopo_river,8,0,8,8,0
zebrafish,22,0,22,22,0
posttraumatic_stress_disorder,55,0,55,52,3
quantum_entanglement,60,0,60,57,3
chaperone_(protein),15,0,15,15,0
snowy_mountains,1,0,1,1,0
hajj,224,196,28,219,5
tooth_enamel,60,0,60,54,6
lupercalia,5,0,5,5,0
kisangani,26,0,26,26,0
arkansas_river,20,0,20,19,1
hull_house,106,86,20,100,6
louis_kahn,7,0,7,7,0
pure_land_buddhism,14,0,14,14,0
ptah,271,245,26,264,7
immaculate_conception,17,0,17,16,1
amine,113,60,53,109,4
hercules_(constellation),11,0,11,11,0
green_fluorescent_protein,93,70,23,90,3
neurogenesis,7,0,7,6,1
oder,4,0,4,3,1
james_baldwin,7,0,7,5,2
the_sound_and_the_fury,291,152,139,284,7
henry_clay,258,90,168,249,9
information_asymmetry,2,0,2,2,0
the_birth_of_tragedy,25,0,25,25,0
chaos_theory,45,0,45,44,1
sediment_transport,58,0,58,58,0
monadology,1,0,1,1,0
photosystem_ii,22,0,22,22,0
seven_against_thebes,3,0,3,3,0
maurice_merleau-ponty,17,0,17,16,1
andaman_islands,15,0,15,14,1
pergamon_altar,119,0,119,116,3
vagueness,2,0,2,2,0
bhagavad_gita,65,0,65,64,1
celts,38,0,38,38,0
uriah_the_hittite,8,0,8,8,0
action_at_a_distance,12,0,12,10,2
the_sickness_unto_death,138,135,3,135,3
polymer,128,0,128,122,6
the_deposition_(raphael),4,0,4,4,0
topoisomerase,3,0,3,2,1
fuel_cell,34,0,34,34,0
dative_case,1,0,1,1,0
khalsa,32,0,32,32,0
helium,143,0,143,138,5
henry_david_thoreau,229,146,83,220,9
ubiquitin,107,0,107,102,5
saint_stephen,8,0,8,8,0
speed_of_sound,177,0,177,176,1
glengarry_glen_ross,84,52,32,83,1
paolo_veronese,8,0,8,8,0
dining_philosophers_problem,1,0,1,1,0
zyklon_b,1,0,1,1,0
"nude_descending_a_staircase,_no._2",1,0,1,1,0
american_gothic,1,0,1,1,0
valence_band,1,0,1,1,0
marcus_garvey,233,138,95,221,12
fruit,21,0,21,20,1
lewis_carroll,149,59,90,144,5
carl_sandburg,119,85,34,115,4
roger_casement,10,0,10,9,1
poetics_(aristotle),3,0,3,3,0
glomerulus,10,0,10,9,1
chemotaxis,53,0,53,51,2
neon,8,0,8,7,1
emile_durkheim,108,108,0,102,6
taklamakan_desert,4,0,4,4,0
werner_herzog,9,0,9,9,0
momentum,371,146,225,366,5
allan_bloom,80,0,80,77,3
the_library_of_babel,4,0,4,4,0
battle_of_chancellorsville,252,142,110,243,9
la_brea_tar_pits,7,0,7,7,0
kepler's_laws_of_planetary_motion,7,0,7,7,0
debye_model,40,0,40,39,1
the_imitation_of_christ,13,0,13,13,0
gas_chromatography,44,0,44,42,2
weaving_(mythology),63,0,63,63,0
goldberg_variations,2,0,2,2,0
boston_massacre,143,85,58,139,4
book_of_isaiah,16,0,16,15,1
beyond_freedom_and_dignity,3,0,3,3,0
jude_the_obscure,241,179,62,232,9
hepatitis,70,0,70,65,5
uncle_tom's_cabin,405,68,337,384,21
cherenkov_radiation,214,141,73,206,8
richard_wright_(author),280,104,176,268,12
judy_chicago,5,0,5,5,0
wheat,10,0,10,10,0
jusepe_de_ribera,2,0,2,1,1
seine,1,0,1,1,0
waldensians,15,0,15,13,2
in_a_different_voice,1,0,1,1,0
xanthophyll,5,0,5,5,0
stimulated_emission,68,0,68,67,1
ontology,38,0,38,38,0
rosh_hashanah,173,99,74,171,2
hadron,12,0,12,11,1
aphrodite,306,0,306,298,8
ethan_frome,279,159,120,269,10
ideology,55,0,55,54,1
acts_of_the_apostles,177,70,107,174,3
roche_limit,31,0,31,31,0
antibody,229,127,102,215,14
bantustan,1,0,1,1,0
st_matthew_passion,2,0,2,2,0
redshift,247,104,143,240,7
mark_the_evangelist,4,0,4,4,0
the_village_(the_prisoner),5,0,5,5,0
indira_gandhi,217,101,116,215,2
reinhold_niebuhr,43,0,43,41,2
ares,370,226,144,358,12
costa_rica,16,0,16,16,0
eros_and_civilization,2,0,2,2,0
miguel_angel_asturias,117,36,81,114,3
colon_(anatomy),30,0,30,29,1
a_dance_to_the_music_of_time_(painting),1,0,1,1,0
lymph,5,0,5,5,0
groundwork_of_the_metaphysic_of_morals,46,0,46,45,1
aneurysm,15,0,15,14,1
mobutu_sese_seko,234,113,121,230,4
prague_spring,146,102,44,143,3
mahavira,15,0,15,15,0
stigmata,57,43,14,56,1
nero,266,140,126,249,17
michael_reaction,19,0,19,18,1
chemical_equilibrium,52,0,52,51,1
james_fenimore_cooper,237,119,118,230,7
irrawaddy_river,127,80,47,124,3
charles_bulfinch,1,0,1,1,0
casey_at_the_bat,1,0,1,1,0
messiah_(handel),10,0,10,10,0
hector_berlioz,15,0,15,14,1
l'incoronazione_di_poppea,5,0,5,5,0
mikhail_glinka,4,0,4,4,0
queensland,10,0,10,10,0
spem_in_alium,2,0,2,2,0
titration,76,61,15,71,5
cosmological_argument,5,0,5,5,0
genghis_khan,418,143,275,396,22
miss_julie,245,175,70,239,6
vorticity,159,101,58,156,3
cosmic_background_explorer,10,0,10,10,0
month,1,0,1,1,0
the_heart_is_a_lonely_hunter,101,69,32,94,7
nitroglycerin,28,0,28,28,0
alfred_stieglitz,4,0,4,2,2
cincinnati,11,0,11,10,1
inflation_(cosmology),123,0,123,119,4
osteoporosis,18,0,18,17,1
rickettsia,3,0,3,3,0
dot_product,9,0,9,9,0
auckland,10,0,10,10,0
atacama_desert,93,76,17,90,3
wyoming,18,0,18,18,0
trireme,10,0,10,10,0
hyperthermia,8,0,8,8,0
grand_jury,7,0,7,7,0
surya,74,0,74,73,1
cytokinesis,19,0,19,18,1
three_sisters_(play),165,105,60,158,7
ulysses_s._grant,808,114,694,772,36
apoptosis,231,84,147,216,15
the_merry_widow,2,0,2,2,0
inelastic_collision,7,0,7,7,0
thomas_nast,102,72,30,98,4
phnom_penh,25,0,25,25,0
w._h._auden,243,107,136,233,10
henri_matisse,3,0,3,3,0
wu_experiment,10,0,10,10,0
lazio,9,0,9,9,0
robert_the_devil_(gilbert),1,0,1,0,1
nuclear_magnetic_resonance_spectroscopy,89,0,89,87,2
uqbar,1,0,1,1,0
neoprene,2,0,2,2,0
treasure_island,130,47,83,123,7
project_mercury,6,0,6,6,0
oskar_kokoschka,1,0,1,1,0
marshall_mcluhan,94,4,90,89,5
lewis_cass,178,153,25,170,8
actaeon,16,0,16,16,0
my_antonia,272,64,208,263,9
karna,77,0,77,76,1
alexander_hamilton,524,92,432,505,19
conjunctivitis,11,0,11,8,3
antonio_lopez_de_santa_anna,517,97,420,495,22
a._e._housman,207,123,84,201,6
deborah,5,0,5,5,0
iran,16,0,16,15,1
synchrotron_radiation,31,0,31,30,1
herman_melville,387,109,278,375,12
simon_kuznets,49,0,49,48,1
ragtime,2,0,2,2,0
acadia,11,0,11,11,0
belize,24,0,24,23,1
solar_flare,14,0,14,14,0
displacement_current,37,0,37,35,2
nicias,10,0,10,10,0
exclusionary_rule,1,0,1,0,1
the_history_of_sexuality,13,0,13,13,0
vasopressin,47,0,47,45,2
hokusai,7,0,7,7,0
thomas_hobbes,198,121,77,193,5
lagos,8,0,8,8,0
felix_mendelssohn,4,0,4,4,0
falun_gong,73,0,73,70,3
parathyroid_gland,27,0,27,26,1
john_stuart_mill,220,114,106,212,8
sita,103,0,103,97,6
sugar_beet,4,0,4,4,0
semiramide,7,0,7,7,0
notes_from_underground,174,121,53,168,6
the_four_stages_of_cruelty,2,0,2,2,0
caspian_sea,27,0,27,27,0
anna_o.,9,0,9,8,1
sigrid_undset,326,263,63,307,19
socialism_in_one_country,1,0,1,0,1
reification_(marxism),3,0,3,2,1
gestalt_psychology,23,0,23,22,1
h._g._wells,338,82,256,326,12
nautilus,11,0,11,11,0
sigmund_freud,203,0,203,195,8
the_kallikak_family,2,0,2,2,0
rydberg_constant,15,0,15,14,1
species,31,0,31,31,0
nebuchadnezzar_ii,56,0,56,55,1
second_law_of_thermodynamics,211,97,114,206,5
body_mass_index,7,0,7,6,1
arianism,66,46,20,64,2
idaho,8,0,8,8,0
bass_strait,4,0,4,4,0
electrospray_ionization,4,0,4,4,0
yunnan,33,0,33,33,0
carrying_capacity,2,0,2,2,0
principle_of_least_action,8,0,8,8,0
the_barber_of_seville,1,0,1,1,0
morphine,69,0,69,67,2
capital_asset_pricing_model,7,0,7,7,0
spherical_harmonics,20,0,20,20,0
tula_(mesoamerican_site),18,0,18,18,0
nephthys,65,0,65,62,3
seven_laws_of_noah,6,0,6,6,0
borane,5,0,5,5,0
casablanca,10,0,10,10,0
indra,468,273,195,457,11
pilus,1,0,1,1,0
hell,174,0,174,171,3
clarinet,12,0,12,12,0
eros,6,0,6,6,0
selenium,115,0,115,112,3
jerry_fodor,31,0,31,29,2
claisen_condensation,57,57,0,55,2
paracelsus,7,0,7,6,1
archaea,158,56,102,153,5
richard_leakey,8,0,8,7,1
sinoatrial_node,2,0,2,2,0
asch_conformity_experiments,6,0,6,6,0
jane_addams,103,54,49,99,4
lymph_node,51,0,51,47,4
aphasia,3,0,3,3,0
logical_positivism,35,0,35,33,2
eustachian_tube,3,0,3,3,0
accretion_disc,12,0,12,12,0
trent_affair,257,64,193,249,8
the_merry_wives_of_windsor,144,77,67,135,9
albinism,6,0,6,6,0
maslow's_hierarchy_of_needs,21,0,21,21,0
symposium_(plato),158,109,49,155,3
kuiper_belt,23,0,23,22,1
louis_riel,270,143,127,262,8
in_search_of_lost_time,592,177,415,573,19
isospin,30,0,30,28,2
telamon,28,0,28,27,1
la_dolce_vita,18,0,18,18,0
pythagoras,67,0,67,64,3
the_tin_drum,269,187,82,258,11
eugene_v._debs,124,70,54,122,2
willard_van_orman_quine,78,63,15,74,4
algae,31,0,31,31,0
green_mountain_boys,115,105,10,112,3
loop_of_henle,6,0,6,6,0
plague_(disease),27,0,27,27,0
william_shakespeare,573,192,381,557,16
easter_rising,170,72,98,167,3
raymond_chandler,13,0,13,12,1
francis_drake,151,51,100,147,4
pleural_cavity,7,0,7,6,1
andy_warhol,18,0,18,17,1
the_makropulos_affair_(opera),1,0,1,1,0
quantum_dot,81,0,81,78,3
villanelle,1,0,1,1,0
basal_metabolic_rate,56,0,56,56,0
giselle,4,0,4,4,0
david_livingstone,122,63,59,119,3
samaritans,65,0,65,65,0
henry_fuseli,2,0,2,2,0
second_vatican_council,123,76,47,117,6
pauli_exclusion_principle,191,107,84,177,14
cysteine,108,77,31,102,6
getulio_vargas,113,104,9,111,2
cyanobacteria,43,0,43,42,1
punctuated_equilibrium,22,0,22,21,1
alfred_the_great,235,43,192,225,10
cherokee,337,167,170,322,15
henna,5,0,5,5,0
the_fall_of_the_house_of_usher,67,24,43,62,5
neuroglia,12,0,12,12,0
proline,11,0,11,9,2
william_carlos_williams,199,110,89,195,4
thaddeus_stevens,446,137,309,431,15
evolution_of_cetaceans,11,0,11,10,1
diphtheria,15,0,15,13,2
atomism,31,0,31,31,0
rhiannon,234,214,20,230,4
theosophy,12,0,12,10,2
the_sleeping_beauty_(ballet),5,0,5,5,0
serotonin,278,134,144,265,13
tonga,5,0,5,5,0
mark_twain,708,279,429,680,28
triphenylphosphine,33,0,33,33,0
christo_and_jeanne-claude,4,0,4,3,1
neoptolemus,37,0,37,37,0
francis_bacon_(artist),13,0,13,12,1
charlie_parker,1,0,1,1,0
bhima,75,0,75,71,4
french_guiana,13,0,13,12,1
general_relativity,186,0,186,182,4
copyright,15,0,15,15,0
giant_panda,12,0,12,12,0
altiplano,5,0,5,5,0
ascomycota,38,0,38,36,2
sundarbans,9,0,9,9,0
henry_i_of_england,293,118,175,281,12
rotterdam,7,0,7,7,0
somalia,17,0,17,16,1
council_of_trent,177,92,85,167,10
bernoulli's_principle,55,0,55,55,0
florence_cathedral,5,0,5,5,0
sarah_orne_jewett,204,166,38,198,6
kusanagi,16,0,16,15,1
paul_ehrlich,24,0,24,23,1
thermonuclear_fusion,1,0,1,1,0
arrow's_impossibility_theorem,119,112,7,117,2
haber_process,10,0,10,9,1
edward_burnett_tylor,17,0,17,16,1
antonio_vivaldi,5,0,5,5,0
pockels_effect,17,0,17,17,0
inigo_jones,2,0,2,2,0
derek_walcott,279,149,130,266,13
the_decameron,161,134,27,153,8
rabindranath_tagore,294,89,205,279,15
an_enemy_of_the_people,169,129,40,164,5
class_consciousness,7,0,7,4,3
edwin_hubble,17,0,17,17,0
mantra,65,0,65,65,0
schizophrenia,126,81,45,126,0
the_master_and_margarita,202,68,134,195,7
kurt_vonnegut,266,53,213,252,14
phenomenology_(philosophy),143,77,66,137,6
neoconservatism,40,0,40,36,4
john_updike,315,81,234,308,7
joseph_of_arimathea,11,0,11,11,0
alcibiades_(fictional_character),4,0,4,4,0
alexander_h._stephens,171,134,37,166,5
united_methodist_church,40,0,40,40,0
carl_wilhelm_scheele,3,0,3,3,0
clifford_odets,297,229,68,283,14
zechariah_(hebrew_prophet),2,0,2,2,0
b_vitamins,1,0,1,1,0
frederic_remington,6,0,6,6,0
la_belle_dame_sans_merci,94,76,18,90,4
max_wertheimer,140,134,6,133,7
histamine,31,0,31,29,2
leaves_of_grass,137,73,64,134,3
proton,89,0,89,81,8
richard_serra,4,0,4,4,0
linux,3,0,3,3,0
julio_cortazar,95,46,49,90,5
yukon,5,0,5,5,0
daedalus,140,55,85,134,6
kristin_lavransdatter,88,37,51,82,6
pierre_curie,5,0,5,5,0
the_problem_of_social_cost,5,0,5,5,0
falkland_islands,9,0,9,8,1
mombasa,10,0,10,9,1
maitreya,39,0,39,39,0
areopagitica,3,0,3,3,0
cosi_fan_tutte,2,0,2,1,1
potlatch,2,0,2,2,0
monroe_doctrine,136,105,31,128,8
prince_igor,5,0,5,3,2
sutton_hoo,27,0,27,27,0
octatonic_scale,2,0,2,2,0
dead_sea_scrolls,70,51,19,70,0
washington_irving,332,128,204,320,12
freezing-point_depression,12,0,12,12,0
ester,201,132,69,195,6
flatiron_building,4,0,4,4,0
tuvalu,11,0,11,11,0
beowulf,156,34,122,154,2
first_triumvirate,97,80,17,94,3
van_der_waals_equation,88,0,88,84,4
taipei,11,0,11,11,0
alcibiades,50,0,50,49,1
fernand_braudel,1,0,1,1,0
stephen_a._douglas,220,153,67,215,5
norman_mailer,222,55,167,210,12
resonance_(chemistry),50,0,50,48,2
athol_fugard,211,148,63,197,14
louisa_may_alcott,325,244,81,320,5
kyrgyzstan,16,0,16,16,0
the_concept_of_mind,13,0,13,12,1
tisha_b'av,160,119,41,156,4
mali_empire,347,156,191,329,18
penthesilea,5,0,5,5,0
moraine,1,0,1,1,0
price_elasticity_of_demand,29,0,29,29,0
permittivity,102,0,102,98,4
soma,47,0,47,46,1
correspondence_principle,65,0,65,64,1
symmetry_(physics),43,0,43,42,1
transition_state,3,0,3,2,1
ludwig_prandtl,4,0,4,4,0
entropy_(classical_thermodynamics),35,0,35,35,0
walter_kaufmann_(philosopher),2,0,2,2,0
milgram_experiment,23,0,23,21,2
feynman_diagram,130,0,130,125,5
kernel_(computing),4,0,4,4,0
galaxy_rotation_curve,19,0,19,19,0
the_poverty_of_philosophy,4,0,4,3,1
gnome,3,0,3,3,0
chicago_(poem),24,7,17,21,3
australopithecus,6,0,6,6,0
pride_and_prejudice,600,214,386,576,24
tierra_del_fuego_(main_island),1,0,1,1,0
don_quixote,42,0,42,40,2
sylvia_(ballet),5,0,5,5,0
quetzalcoatl,346,242,104,337,9
membrane_potential,84,0,84,81,3
battle_of_agincourt,140,78,62,132,8
tryptophan,101,78,23,96,5
phenylalanine,25,0,25,25,0
action_potential,98,0,98,94,4
pre-raphaelite_brotherhood,4,0,4,3,1
aurora_(astronomy),42,0,42,42,0
stephen_crane,967,272,695,929,38
psychosis,40,0,40,39,1
curl_(mathematics),26,0,26,26,0
adlai_stevenson_ii,229,103,126,226,3
willa_cather,308,144,164,296,12
activity_coefficient,47,0,47,47,0
kidney,172,78,94,164,8
melampus,154,130,24,147,7
autolycus,29,0,29,29,0
phidias,6,0,6,5,1
ben_nevis,5,0,5,5,0
betty_friedan,30,0,30,30,0
a_letter_concerning_toleration,6,0,6,6,0
zither,1,0,1,1,0
jainism,311,196,115,306,5
john_adams,420,96,324,401,19
kansas,4,0,4,4,0
tundra,2,0,2,2,0
vestal_virgin,19,0,19,19,0
history_of_parkinson's_disease,6,0,6,5,1
rigid_designator,1,0,1,1,0
surfactants_in_paint,4,0,4,4,0
giuseppe_garibaldi,232,106,126,217,15
jean-luc_godard,30,0,30,30,0
andrea_mantegna,1,0,1,1,0
corundum,1,0,1,1,0
rydberg_formula,18,0,18,16,2
the_paranoid_style_in_american_politics,2,0,2,2,0
mount_hood,4,0,4,4,0
lag_baomer,9,0,9,9,0
william_blake,513,172,341,500,13
stone_age,28,0,28,28,0
jersey_devil,1,0,1,1,0
ammonia,256,116,140,244,12
the_last_supper_(leonardo_da_vinci),8,0,8,8,0
john_paul_jones,263,187,76,259,4
mosque,41,0,41,40,1
huldrych_zwingli,263,119,144,252,11
george_bernard_shaw,521,169,352,504,17
das_kapital,134,127,7,127,7
mahayana_sutras,22,0,22,22,0
maat,24,0,24,24,0
frederick_soddy,3,0,3,3,0
allan_pinkerton,98,88,10,93,5
tosca,8,0,8,8,0
roman_forum,19,0,19,18,1
billie_holiday,12,0,12,11,1
half-life,6,0,6,6,0
portrait_of_dr._gachet,1,0,1,1,0
chihuahua_(state),10,0,10,10,0
reflection_(physics),26,0,26,26,0
eleanor_roosevelt,228,124,104,221,7
geography_of_chad,36,0,36,36,0
vampire,150,0,150,149,1
battle_of_gettysburg,202,101,101,194,8
north_atlantic_oscillation,2,0,2,2,0
nuclear_fission,87,0,87,83,4
dietrich_bonhoeffer,11,0,11,10,1
aztec_mythology,14,0,14,14,0
legionnaires'_disease,7,0,7,7,0
sistine_chapel,14,0,14,14,0
black_stone,14,0,14,13,1
rosary,153,118,35,150,3
flashbulb_memory,26,0,26,25,1
schubert's_last_sonatas,4,0,4,3,1
buckwheat,7,0,7,6,1
mount_kilimanjaro,1,0,1,1,0
sicily,38,0,38,37,1
beyond_good_&amp;_evil_(video_game),1,0,1,1,0
caligula,189,116,73,179,10
meson,41,0,41,39,2
the_wild_duck,249,200,49,236,13
metaphor,15,0,15,15,0
the_great_wave_off_kanagawa,2,0,2,2,0
caucasus_mountains,2,0,2,2,0
murray_river,30,0,30,29,1
robert_fogel,15,0,15,14,1
coriolanus,8,0,8,8,0
eutrophication,10,0,10,10,0
georg_simmel,93,55,38,84,9
bcs_theory,7,0,7,6,1
alejo_carpentier,20,0,20,19,1
red_queen_hypothesis,46,43,3,44,2
chinese_calligraphy,4,0,4,4,0
salat,20,0,20,19,1
golan_heights,15,0,15,13,2
conformity,23,0,23,23,0
battle_of_tannenberg,140,102,38,135,5
cerebrospinal_fluid,11,0,11,11,0
philadelphia_chromosome,8,0,8,8,0
jean_auguste_dominique_ingres,6,0,6,6,0
valhalla,49,0,49,48,1
spartacus,93,65,28,87,6
faraday_effect,54,0,54,52,2
peroxisome,116,85,31,112,4
kolkata,8,0,8,8,0
halo_effect,29,0,29,29,0
sardinia,35,0,35,35,0
richard_strauss,4,0,4,4,0
glenn_miller,1,0,1,1,0
ibiza,6,0,6,6,0
the_color_purple,391,141,250,376,15
olduvai_gorge,7,0,7,7,0
jean_sibelius,5,0,5,5,0
nikolai_rimsky-korsakov,16,0,16,15,1
io_(moon),35,0,35,34,1
copts,13,0,13,13,0
cass_gilbert,1,0,1,1,0
sperm,17,0,17,17,0
equatorial_guinea,10,0,10,10,0
samoan_islands,4,0,4,4,0
janus_(programming_language),2,0,2,2,0
general_equilibrium_theory,51,0,51,49,2
1812_overture,3,0,3,3,0
peterloo_massacre,240,144,96,235,5
spinal_cord,66,0,66,64,2
creative_destruction,32,0,32,29,3
ismailism,81,0,81,78,3
the_massacre_at_chios,2,0,2,2,0
zagreb,8,0,8,8,0
venus_(mythology),92,0,92,89,3
dura_mater,19,0,19,18,1
auguste_comte,13,0,13,12,1
veliky_novgorod,5,0,5,5,0
taj_mahal,7,0,7,7,0
art_deco,2,0,2,2,0
titian,20,0,20,20,0
thus_spoke_zarathustra,28,0,28,27,1
maria_theresa,409,298,111,391,18
kate_chopin,222,163,59,213,9
einstein_field_equations,24,0,24,24,0
creation_science,59,0,59,59,0
bell_hooks,23,0,23,23,0
law_of_mass_action,45,0,45,44,1
williamson_ether_synthesis,9,0,9,8,1
protein_folding,48,0,48,45,3
brian_mulroney,262,88,174,257,5
heimdall_(comics),32,0,32,30,2
beaver_island_(lake_michigan),1,0,1,1,0
adirondack_mountains,19,0,19,19,0
jacques_lacan,48,0,48,47,1
siena,2,0,2,2,0
lord_jim,55,22,33,50,5
miguel_de_cervantes,393,175,218,375,18
subject_(grammar),1,0,1,1,0
institutes_of_the_christian_religion,9,0,9,9,0
cosmic_ray,76,0,76,74,2
thomas_kuhn,13,0,13,13,0
johann_joachim_winckelmann,4,0,4,4,0
nineteen_eighty-four,257,115,142,248,9
vermiform_appendix,18,0,18,18,0
mammalian_target_of_rapamycin,39,0,39,35,4
akhnaten_(opera),5,0,5,5,0
elasticity_(physics),12,0,12,12,0
donald_davidson_(philosopher),23,0,23,22,1
the_triumph_of_death,1,0,1,1,0
art_nouveau,1,0,1,1,0
pierre_puget,1,0,1,1,0
christopher_marlowe,331,151,180,328,3
margaret_mead,137,84,53,133,4
franz_liszt,2,0,2,2,0
bret_harte,76,51,25,74,2
martial_law,2,0,2,2,0
august_strindberg,694,175,519,667,27
john_mearsheimer,16,0,16,16,0
pharisees,125,0,125,123,2
sons_and_lovers,278,224,54,268,10
ankle,2,0,2,2,0
neurotransmitter,35,0,35,33,2
doris_lessing,231,150,81,217,14
okazaki_fragments,24,0,24,23,1
golden_apple,80,0,80,78,2
reconstructionist_judaism,10,0,10,9,1
john_milton,612,178,434,594,18
tang_dynasty,395,138,257,376,19
amide,26,0,26,25,1
anthony_powell,2,0,2,2,0
crown-of-thorns_starfish,7,0,7,7,0
saint_sebastian,6,0,6,5,1
chandrasekhar_limit,133,98,35,127,6
sartor_resartus,130,76,54,124,6
deimos_(moon),2,0,2,2,0
river_shannon,15,0,15,15,0
ernest_rutherford,92,65,27,90,2
henry_moore,14,0,14,13,1
manitoba,12,0,12,12,0
metaphysics,129,0,129,123,6
john_galsworthy,119,89,30,113,6
napoleon_as_mars_the_peacemaker,1,0,1,1,0
aldosterone,109,80,29,102,7
battle_of_zama,117,102,15,112,5
crassulacean_acid_metabolism,15,0,15,14,1
amu_darya,27,0,27,26,1
montana,44,0,44,43,1
haifa,9,0,9,8,1
cubism,17,0,17,17,0
klinefelter_syndrome,10,0,10,9,1
bessel_function,9,0,9,9,0
lake_champlain,16,0,16,15,1
triptych_of_the_temptation_of_st._anthony,1,0,1,1,0
agamemnon,71,0,71,67,4
black_sea,8,0,8,8,0
action_(physics),39,0,39,38,1
ancient_society,1,0,1,1,0
lewis_mumford,169,151,18,164,5
opium_wars,159,121,38,152,7
murray_gell-mann,9,0,9,9,0
aeolus,34,0,34,34,0
abdomen,25,0,25,24,1
w._somerset_maugham,472,110,362,453,19
a_portrait_of_the_artist_as_a_young_man,157,104,53,148,9
markovnikov's_rule,101,94,7,96,5
fatty_acid_synthesis,52,0,52,51,1
eudora_welty,251,145,106,241,10
carbon_monoxide,78,0,78,74,4
dna_ligase,2,0,2,2,0
climax_community,2,0,2,1,1
sulfur,99,0,99,93,6
john_muir,41,0,41,39,2
chiang_kai-shek,310,133,177,296,14
michigan,38,0,38,36,2
mass_(music),3,0,3,3,0
bonaventure,20,0,20,19,1
wnt_signaling_pathway,94,0,94,88,6
salvador_dali,32,0,32,32,0
arcangelo_corelli,1,0,1,1,0
syllogism,12,0,12,11,1
deer_in_mythology,102,0,102,100,2
molybdenum,39,0,39,38,1
kinetic_isotope_effect,81,0,81,78,3
alessandro_volta,1,0,1,1,0
shaka,111,43,68,111,0
rupert_brooke,209,181,28,200,9
typhon,41,0,41,41,0
white_house,7,0,7,7,0
navarre,2,0,2,2,0
pygmalion_(play),130,48,82,124,6
albania,4,0,4,4,0
schwa,6,0,6,6,0
elizabeth_barrett_browning,339,223,116,326,13
rokeby_venus,19,0,19,19,0
cyclotron,17,0,17,17,0
caliban,126,91,35,123,3
john_keats,388,169,219,375,13
teleological_argument,88,0,88,86,2
arnolfini_portrait,13,0,13,13,0
tantra,35,0,35,34,1
magi,4,0,4,3,1
oil_drop_experiment,8,0,8,8,0
rna_splicing,10,0,10,9,1
kulturkampf,174,157,17,166,8
kazimir_malevich,1,0,1,1,0
hippolyte_et_aricie,9,0,9,9,0
gravity_of_earth,21,0,21,21,0
sonic_hedgehog,32,0,32,31,1
hox_gene,22,0,22,20,2
diego_garcia,13,0,13,12,1
the_love_for_three_oranges,2,0,2,2,0
giorgio_de_chirico,2,0,2,1,1
fort_ticonderoga,203,117,86,200,3
lorentz_force,106,0,106,103,3
claudio_monteverdi,4,0,4,4,0
berlin_wall,6,0,6,6,0
the_tale_of_genji,315,168,147,299,16
vesicle_(biology_and_chemistry),25,0,25,25,0
satanic_verses,14,0,14,14,0
fullerene,180,102,78,171,9
magnitude_(astronomy),3,0,3,3,0
tartuffe,4,0,4,4,0
nikita_khrushchev,322,110,212,307,15
immanuel_kant,447,166,281,431,16
enthalpy,207,109,98,200,7
mitochondrial_dna,20,0,20,19,1
paul_samuelson,15,0,15,15,0
neuron,88,0,88,84,4
catacombs_of_rome,4,0,4,3,1
niger_river,16,0,16,15,1
lot_(biblical_person),15,0,15,14,1
july's_people,178,86,92,169,9
john_wesley,45,0,45,41,4
micah_(prophet),10,0,10,9,1
last_judgment_(van_der_weyden),17,0,17,17,0
human_intelligence,45,0,45,45,0
black_paintings,6,0,6,6,0
l'elisir_d'amore,2,0,2,2,0
shamanism,150,0,150,145,5
oligochaeta,4,0,4,3,1
salivary_gland,7,0,7,5,2
bleak_house,168,51,117,160,8
jacob_riis,15,0,15,14,1
dharma,38,0,38,38,0
charles_taze_russell,18,0,18,17,1
ralph_waldo_emerson,51,0,51,49,2
persistent_vegetative_state,14,0,14,13,1
centrifugal_force_(rotating_reference_frame),37,0,37,37,0
johannes_kepler,39,0,39,38,1
hans_bethe,45,0,45,44,1
jackson_pollock,8,0,8,8,0
ames_test,5,0,5,5,0
taq_polymerase,5,0,5,5,0
microtubule,172,107,65,164,8
pelagianism,13,0,13,13,0
ibn_khaldun,18,0,18,18,0
landscape_with_the_fall_of_icarus,1,0,1,1,0
ljubljana,10,0,10,10,0
cuneiform,11,0,11,11,0
daniel_chester_french,2,0,2,2,0
heinrich_heine,318,166,152,309,9
munich,2,0,2,2,0
turbulence,151,129,22,145,6
attila,216,97,119,209,7
claude_monet,2,0,2,2,0
amelia_earhart,137,66,71,131,6
geostationary_orbit,6,0,6,6,0
benzene,133,50,83,132,1
tractatus_logico-philosophicus,230,179,51,222,8
shem,3,0,3,3,0
stanley_cavell,3,0,3,3,0
hydrazine,141,70,71,135,6
the_open_society_and_its_enemies,108,107,1,99,9
death_of_a_salesman,228,149,79,223,5
thomas_precession,9,0,9,9,0
antiaromaticity,12,0,12,12,0
damien_hirst,6,0,6,6,0
john_wycliffe,200,104,96,187,13
gregory_bateson,75,0,75,73,2
myron,1,0,1,1,0
moral_hazard,7,0,7,7,0
endosymbiotic_theory,13,0,13,12,1
invisible_man,452,231,221,433,19
mao_zedong,301,72,229,288,13
teotihuacan,31,0,31,30,1
tongue,40,0,40,40,0
rings_of_saturn,20,0,20,20,0
wilmot_proviso,176,139,37,168,8
endocrine_gland,41,0,41,38,3
human_action,4,0,4,4,0
ghent_altarpiece,51,0,51,49,2
rosh_chodesh,19,0,19,19,0
gustav_holst,18,0,18,18,0
imine,6,0,6,6,0
poinsettia,2,0,2,2,0
a_raisin_in_the_sun,274,208,66,263,11
progress_and_poverty,1,0,1,1,0
david_alfaro_siqueiros,3,0,3,3,0
symphony_no._7_(shostakovich),5,0,5,4,1
works_by_francis_bacon,142,0,142,141,1
ernst_mach,7,0,7,6,1
west_side_story_(film),12,0,12,12,0
alessandro_scarlatti,1,0,1,1,0
mary_leakey,6,0,6,6,0
siegfried_(opera),17,0,17,15,2
anaximander,30,0,30,29,1
cello,10,0,10,10,0
superstring_theory,15,0,15,14,1
le_corbusier,16,0,16,16,0
babur,241,174,67,228,13
grace_(christianity),46,0,46,46,0
endymion_(poem),89,62,27,87,2
chromosome,52,0,52,50,2
titus_andronicus,524,136,388,501,23
vacuole,25,0,25,23,2
lake_ladoga,2,0,2,2,0
prayer_wheel,4,0,4,4,0
"the_life_and_opinions_of_tristram_shandy,_gentleman",226,163,63,219,7
translation_(biology),24,0,24,23,1
immanuel_wallerstein,4,0,4,4,0
fra_angelico,4,0,4,4,0
ruth_benedict,194,101,93,189,5
george_santayana,85,72,13,84,1
phineus,14,0,14,14,0
phosphorus,89,0,89,82,7
sphinx,76,0,76,75,1
linear_b,9,0,9,9,0
atheism,206,0,206,199,7
congenital_heart_defect,50,0,50,50,0
liver,199,115,84,188,11
sichuan,12,0,12,12,0
spoon_river_anthology,108,68,40,103,5
tajikistan,4,0,4,4,0
guerrero,20,0,20,20,0
saint_ursula,2,0,2,1,1
afar_triangle,1,0,1,1,0
john_cabot,135,78,57,130,5
hannah_(biblical_figure),4,0,4,4,0
the_creation_(haydn),15,0,15,14,1
poliovirus,19,0,19,19,0
virginia_woolf,387,172,215,373,14
guadalcanal,95,78,17,91,4
cholesterol,271,126,145,258,13
alexis_de_tocqueville,49,0,49,48,1
chandragupta_maurya,160,113,47,157,3
mono_lake,8,0,8,8,0
cosmic_microwave_background,60,0,60,60,0
lake_tahoe,19,0,19,19,0
pragmatism,335,134,201,325,10
milan_kundera,295,182,113,280,15
book_of_baruch,1,0,1,1,0
the_hay_wain,1,0,1,1,0
simian_immunodeficiency_virus,2,0,2,2,0
shatt_al-arab,1,0,1,1,0
boron,86,0,86,83,3
vapor_pressure,112,71,41,111,1
the_musical_offering,2,0,2,2,0
sam_houston,187,82,105,182,5
parashurama,123,0,123,119,4
ecological_succession,12,0,12,12,0
oman,34,0,34,34,0
piano_sonata_no._29_(beethoven),1,0,1,1,0
virial_theorem,99,0,99,98,1
ultraviolet_catastrophe,9,0,9,9,0
born-oppenheimer_approximation,103,103,0,99,4
joshua,8,0,8,8,0
emanuel_swedenborg,101,0,101,100,1
netherlandish_proverbs,2,0,2,2,0
gila_monster,14,0,14,14,0
jean-baptiste_lully,2,0,2,2,0
ark_of_the_covenant,44,0,44,42,2
john_dalton,12,0,12,12,0
principle_of_locality,4,0,4,4,0
euripides,240,82,158,236,4
barnacle,6,0,6,6,0
dido_(queen_of_carthage),63,0,63,61,2
myocardial_infarction,27,0,27,26,1
dream_caused_by_the_flight_of_a_bee_around_a_pomegranate_a_second_before_awakening,1,0,1,1,0
jules_verne,58,0,58,57,1
a._philip_randolph,59,28,31,58,1
deadweight_loss,2,0,2,2,0
berlin,9,0,9,8,1
biotin,34,0,34,31,3
subrahmanyan_chandrasekhar,15,0,15,15,0
glottochronology,4,0,4,4,0
hillel_the_elder,5,0,5,5,0
discovery_of_cosmic_microwave_background_radiation,2,0,2,2,0
rhizobia,5,0,5,5,0
pineal_gland,132,88,44,128,4
benjamin_britten,16,0,16,15,1
niobium,39,0,39,37,2
trinidad_and_tobago,14,0,14,14,0
laetoli,3,0,3,3,0
northanger_abbey,340,135,205,327,13
adolf_eichmann,189,127,62,179,10
dna_sequencing,30,0,30,29,1
black_hole,125,0,125,119,6
to_his_coy_mistress,104,63,41,100,4
the_nightmare,8,0,8,8,0
risk,23,0,23,23,0
alvin_ailey,1,0,1,1,0
metalloid,59,0,59,55,4
charon_(moon),6,0,6,6,0
count_basie,10,0,10,9,1
prison_notebooks,14,0,14,12,2
listeria_monocytogenes,39,0,39,38,1
thanatopsis,158,142,16,154,4
eric_whitacre,3,0,3,3,0
the_satanic_verses,18,0,18,18,0
the_will_to_believe,26,0,26,24,2
glycogen,128,90,38,121,7
capitalism,123,0,123,117,6
karl_ernst_von_baer,1,0,1,1,0
french_republican_calendar,4,0,4,4,0
charlemagne,615,219,396,584,31
ronald_coase,93,73,20,87,6
alternation_of_generations,18,0,18,17,1
william_dean_howells,205,104,101,201,4
auguste_rodin,22,0,22,21,1
general_agreement_on_tariffs_and_trade,1,0,1,1,0
bosnia_and_herzegovina,15,0,15,15,0
saint_peter,87,0,87,87,0
jacob,94,0,94,91,3
hermann_hesse,301,132,169,293,8
damascus,29,0,29,29,0
larmor_precession,15,0,15,15,0
belarus,2,0,2,2,0
atherosclerosis,68,0,68,66,2
andrea_palladio,4,0,4,3,1
kantele,1,0,1,1,0
baba_yaga,5,0,5,5,0
epidermis_(skin),125,111,14,118,7
abscisic_acid,115,102,13,108,7
pyrrole,13,0,13,12,1
bonn,3,0,3,3,0
auteur_theory,3,0,3,3,0
walter_mondale,137,54,83,132,5
encephalitis,2,0,2,2,0
bone,44,0,44,42,2
nocturnes_(chopin),1,0,1,1,0
robinson_crusoe,399,229,170,388,11
fragile_x_syndrome,24,0,24,23,1
saraswati,76,0,76,74,2
albrecht_altdorfer,2,0,2,2,0
blenheim_palace,35,0,35,33,2
confucianism,87,0,87,81,6
roald_amundsen,75,33,42,75,0
gradient,8,0,8,8,0
fiji,17,0,17,16,1
bauhaus,20,0,20,20,0
autotroph,6,0,6,6,0
hannah_arendt,136,104,32,131,5
transformation_(genetics),48,0,48,47,1
drang_nach_osten,1,0,1,1,0
druze,226,171,55,220,6
birefringence,149,96,53,145,4
lake_maracaibo,3,0,3,2,1
principal_quantum_number,4,0,4,3,1
david_hume,372,182,190,364,8
creep_(deformation),22,0,22,22,0
lucius_vorenus_(rome_character),8,0,8,7,1
haymarket_affair,144,73,71,142,2
the_last_of_the_mohicans,315,257,58,306,9
hannibal,364,194,170,351,13
horn_(instrument),12,0,12,12,0
fountain_(duchamp),2,0,2,2,0
j._d._salinger,247,82,165,240,7
tachyon,25,0,25,23,2
a_doll's_house,312,113,199,305,7
dwarf_planet,4,0,4,4,0
praxiteles,3,0,3,3,0
dido_and_aeneas,2,0,2,2,0
gospel_of_luke,61,0,61,60,1
thomas_aquinas,115,0,115,110,5
council_of_ephesus,15,0,15,15,0
occam's_razor,79,0,79,75,4
staten_island,4,0,4,4,0
zedekiah,5,0,5,5,0
giambologna,2,0,2,2,0
giulio_cesare,5,0,5,5,0
leon_battista_alberti,1,0,1,1,0
forbidden_planet,7,0,7,7,0
neutrino_oscillation,15,0,15,12,3
lewis_structure,14,0,14,13,1
william_faulkner,458,236,222,445,13
"string_quartets,_op._20_(haydn)",2,0,2,2,0
solomon,209,0,209,203,6
millennium_park,3,0,3,3,0
mind,52,0,52,52,0
vitamin_b12,104,0,104,100,4
ganymede_(mythology),22,0,22,22,0
camille_paglia,22,0,22,22,0
woodrow_wilson,615,146,469,591,24
taxonomy_(biology),1,0,1,1,0
heitor_villa-lobos,1,0,1,1,0
amahl_and_the_night_visitors,2,0,2,2,0
ashley_montagu,1,0,1,1,0
mollusca,45,0,45,43,2
the_ghost_in_the_machine,2,0,2,2,0
orogeny,5,0,5,5,0
oregon_trail,193,59,134,184,9
ludwig_feuerbach,4,0,4,4,0
anthony_trollope,188,74,114,184,4
nevada,21,0,21,21,0
horace_greeley,111,97,14,106,5
fear_and_trembling,181,144,37,176,5
pleistocene,2,0,2,2,0
sid_meier's_alpha_centauri,5,0,5,5,0
grand_unified_theory,30,0,30,25,5
winged_victory_of_samothrace,12,0,12,12,0
the_economic_consequences_of_the_peace,16,0,16,16,0
marsyas,29,0,29,28,1
cat's_cradle,2,0,2,2,0
v-j_day_in_times_square,1,0,1,1,0
bahrain,27,0,27,25,2
lotus_sutra,2,0,2,2,0
stained_glass,14,0,14,14,0
azide-alkyne_huisgen_cycloaddition,18,0,18,18,0
louis_armstrong,22,0,22,21,1
eoraptor,1,0,1,1,0
christian_wolff_(philosopher),5,0,5,5,0
lake_biwa,2,0,2,2,0
lectures_on_the_philosophy_of_history,19,0,19,19,0
niddah,24,0,24,24,0
dashiell_hammett,170,144,26,164,6
in_praise_of_shadows,3,0,3,3,0
liberty_leading_the_people,2,0,2,2,0
feudalism,11,0,11,10,1
epistle_of_jude,8,0,8,8,0
nitrogen_fixation,8,0,8,8,0
juno_(mythology),255,0,255,248,7
mencius,1,0,1,1,0
thomas_hart_benton_(painter),2,0,2,2,0
vyacheslav_molotov,106,36,70,102,4
ryan_braun,1,0,1,1,0
yoshi,2,0,2,2,0
nicolas_malebranche,39,0,39,38,1
molecular_orbital,45,0,45,43,2
satyendra_nath_bose,98,80,18,95,3
antimony,36,0,36,35,1
namib_desert,8,0,8,8,0
porgy_and_bess,14,0,14,13,1
the_jungle,288,234,54,278,10
leeroy_jenkins,1,0,1,1,0
baboon,3,0,3,3,0
robert_koch,48,45,3,48,0
jacob_epstein,1,0,1,1,0
lymphocyte,11,0,11,11,0
william_h._seward,143,72,71,140,3
david_ricardo,125,87,38,118,7
pontormo,3,0,3,2,1
south_africa,38,0,38,38,0
annunciation_(leonardo),1,0,1,1,0
lytic_cycle,10,0,10,10,0
african_elephant,6,0,6,6,0
peter_paul_rubens,3,0,3,3,0
cartilage,93,86,7,89,4
gel_electrophoresis,17,0,17,15,2
far_from_the_madding_crowd,378,244,134,365,13
guelphs_and_ghibellines,130,102,28,125,5
diocletian,277,94,183,259,18
peyote,6,0,6,5,1
arsenic,47,0,47,44,3
ether,132,80,52,128,4
aethelred_the_unready,88,33,55,82,6
rigoletto,4,0,4,4,0
cymbeline,308,122,186,296,12
"banqueting_house,_whitehall",1,0,1,1,0
biblical_apocrypha,10,0,10,10,0
mushroom,17,0,17,17,0
colligative_properties,169,135,34,164,5
acetylation,5,0,5,3,2
the_colossus_(painting),3,0,3,3,0
hudson_bay,3,0,3,3,0
grand_canyon,27,0,27,27,0
toni_morrison,331,233,98,318,13
tuatara,15,0,15,14,1
battle_of_the_centaurs_(michelangelo),4,0,4,4,0
jean_piaget,107,0,107,103,4
b._f._skinner,241,167,74,236,5
the_rape_of_the_sabine_women,28,0,28,27,1
guru_maneyo_granth,12,0,12,12,0
philip_johnson,2,0,2,2,0
evil_eye,35,0,35,34,1
memnon_(mythology),30,0,30,29,1
course_in_general_linguistics,24,0,24,24,0
the_crystal_palace,9,0,9,9,0
interactive_proof_system,1,0,1,1,0
tecumseh,243,146,97,235,8
catalysis,111,0,111,106,5
mars_(mythology),235,0,235,228,7
plasma_(physics),212,121,91,208,4
private_language_argument,9,0,9,9,0
many-worlds_interpretation,34,0,34,34,0
john_hancock,188,92,96,178,10
qualia,62,0,62,60,2
paul_mccartney,21,0,21,21,0
neptune,59,39,20,58,1
cygnus_(constellation),14,0,14,14,0
pandora,142,11,131,138,4
diphthong,5,0,5,5,0
rational_choice_theory,38,0,38,36,2
penis_envy,6,0,6,6,0
fire_(classical_element),6,0,6,6,0
asteroid_belt,13,0,13,11,2
new_urbanism,5,0,5,5,0
belfast,14,0,14,14,0
xenopus,21,0,21,20,1
invisible_hand,48,0,48,46,2
antiope_(mother_of_amphion),12,0,12,12,0
garbage_collection_(computer_science),6,0,6,6,0
the_voyage_of_life,7,0,7,7,0
brigham_young,126,93,33,121,5
constructivism_(philosophy_of_education),82,0,82,79,3
glass_house,3,0,3,3,0
dna_polymerase,59,0,59,56,3
wilson's_disease,38,0,38,34,4
insanity_defense,5,0,5,5,0
alvar_aalto,5,0,5,5,0
pierre_bourdieu,196,104,92,187,9
kazuo_ishiguro,348,305,43,339,9
rubidium,39,0,39,37,2
jupiter,35,0,35,33,2
martin_luther,367,134,233,348,19
idomeneo,3,0,3,3,0
bertrand_russell,69,0,69,67,2
george_washington,433,113,320,418,15
tom_jones_(film),2,0,2,2,0
powder_diffraction,67,0,67,65,2
giovanni_battista_tiepolo,1,0,1,1,0
gottfried_wilhelm_leibniz,131,0,131,123,8
gordon_allport,24,0,24,23,1
miguel_hidalgo_y_costilla,153,104,49,142,11
mrs_dalloway,221,139,82,208,13
aufbau_principle,4,0,4,4,0
council_of_constance,186,140,46,179,7
seneca_falls_convention,255,177,78,245,10
antaeus,15,0,15,14,1
john_harsanyi,2,0,2,2,0
el_salvador,24,0,24,24,0
robert_burns_woodward,22,0,22,22,0
biosphere_2,7,0,7,7,0
transcription_(genetics),130,88,42,119,11
cardiff,16,0,16,16,0
italic_languages,4,0,4,4,0
the_principles_of_scientific_management_(monograph),6,0,6,6,0
limbourg_brothers,1,0,1,1,0
archbishop_of_canterbury,5,0,5,4,1
yellow_river,23,0,23,22,1
arnold_schoenberg,11,0,11,10,1
hephaestus,391,233,158,384,7
epigoni_(play),3,0,3,3,0
piet_mondrian,4,0,4,3,1
sigmatropic_reaction,31,0,31,31,0
cleisthenes,90,66,24,89,1
centipede,9,0,9,8,1
crystal_field_theory,17,0,17,17,0
boomerang,5,0,5,5,0
john_wesley_powell,3,0,3,2,1
great_dividing_range,11,0,11,10,1
anthrax,105,43,62,103,2
shah_jahan,134,87,47,126,8
kurukshetra_war,125,0,125,122,3
mathis_der_maler_(opera),1,0,1,1,0
anansi,160,87,73,156,4
passenger_pigeon,15,0,15,15,0
medb,30,0,30,29,1
obsidian,2,0,2,2,0
ammonium,2,0,2,2,0
horatius_cocles,4,0,4,4,0
epictetus,41,0,41,41,0
beta_particle,17,0,17,17,0
hawking_radiation,81,0,81,79,2
sri_lanka,140,110,30,135,5
proletariat,1,0,1,1,0
europa_(moon),33,0,33,32,1
sir_gawain_and_the_green_knight,99,0,99,98,1
shock_(circulatory),29,0,29,29,0
treaty_of_portsmouth,104,97,7,98,6
wole_soyinka,302,114,188,291,11
blaise_pascal,24,0,24,24,0
x_chromosome,6,0,6,6,0
wilfred_owen,186,94,92,182,4
an_essay_concerning_human_understanding,164,159,5,160,4
pan's_labyrinth,18,0,18,18,0
youngstown_sheet_&amp;_tube_co._v._sawyer,4,0,4,4,0
appendicitis,39,0,39,37,2
olivine,6,0,6,6,0
frida_kahlo,3,0,3,3,0
albert_speer,9,0,9,9,0
jezebel,103,89,14,100,3
yeast,29,0,29,27,2
book_of_hours,6,0,6,6,0
jane_goodall,13,0,13,12,1
higgs_boson,239,135,104,223,16
timor,7,0,7,7,0
founder_effect,2,0,2,2,0
bile_acid,28,0,28,27,1
edgeworth_box,2,0,2,2,0
susquehanna_river,26,0,26,25,1
manetho,8,0,8,7,1
camelot,1,0,1,1,0
death_comes_for_the_archbishop,64,42,22,62,2
gemara,3,0,3,3,0
cybele,407,196,211,399,8
battle_of_puebla,180,163,17,172,8
hernando_de_soto,171,89,82,163,8
architecture_of_istanbul,4,0,4,4,0
lawrence_kohlberg,7,0,7,6,1
augusta_national_golf_club,3,0,3,3,0
mikhail_gorbachev,217,70,147,212,5
adventures_of_huckleberry_finn,296,48,248,287,9
george_meade,167,133,34,165,2
alpha_decay,24,0,24,24,0
purim,198,108,90,195,3
caravaggio,8,0,8,6,2
arjuna,162,0,162,157,5
the_marriage_of_heaven_and_hell,1,0,1,1,0
common_carotid_artery,16,0,16,15,1
cornel_west,15,0,15,14,1
nylon,19,0,19,19,0
'pataphysics,1,0,1,1,0
telomerase,83,0,83,82,1
franklin_pierce,399,181,218,381,18
gluon,124,110,14,115,9
zone_of_proximal_development,5,0,5,5,0
treaty_of_brest-litovsk,287,238,49,279,8
morgan_le_fay,32,0,32,32,0
lungfish,3,0,3,2,1
aspirin,130,39,91,123,7
thin_layer_chromatography,11,0,11,10,1
labyrinth,27,0,27,26,1
karl_jaspers,106,89,17,100,6
calorimeter,20,0,20,20,0
whiskey_rebellion,148,76,72,144,4
glottal_stop,1,0,1,1,0
flagellum,128,79,49,122,6
emily_dickinson,315,91,224,301,14
battle_of_lepanto,139,88,51,134,5
northrop_frye,19,0,19,19,0
ilya_kabakov,2,0,2,2,0
tracey_emin,10,0,10,10,0
hypatia,36,0,36,35,1
diabelli_variations,4,0,4,4,0
lumbar_puncture,6,0,6,6,0
oslo,7,0,7,6,1
date_palm,13,0,13,13,0
ectoderm,20,0,20,20,0
particle_in_a_box,10,0,10,10,0
carmina_burana,2,0,2,2,0
shinto,101,0,101,98,3
stellar_parallax,4,0,4,4,0
indus_valley_civilization,166,127,39,165,1
wicca,181,0,181,178,3
frederick_douglass,183,87,96,172,11
donner_party,69,0,69,65,4
hedonism,29,0,29,28,1
infallibility,3,0,3,3,0
strong_interaction,19,0,19,19,0
poseidon,580,227,353,565,15
hanukkah,75,0,75,75,0
kinsey_reports,4,0,4,4,0
dan_flavin,2,0,2,2,0
talc,3,0,3,1,2
robert_motherwell,4,0,4,4,0
fick's_laws_of_diffusion,71,0,71,70,1
kerr_effect,20,0,20,20,0
death_valley,5,0,5,5,0
cormac_mccarthy,199,157,42,195,4
bobo_doll_experiment,11,0,11,11,0
yorkshire,17,0,17,17,0
shofar,35,0,35,34,1
ode_on_a_grecian_urn,184,61,123,178,6
new_caledonia,11,0,11,10,1
brazos_river,1,0,1,1,0
pablo_picasso,6,0,6,6,0
apollo_belvedere,3,0,3,3,0
hydroxyl_radical,20,0,20,20,0
semiotics,38,0,38,38,0
alcmene,46,0,46,45,1
manifest_destiny,147,29,118,141,6
james_george_frazer,24,0,24,23,1
writing_system,10,0,10,10,0
thymus,224,125,99,218,6
william_herschel,9,0,9,9,0
ragnar_frisch,3,0,3,3,0
carthusians,5,0,5,4,1
south_dakota,27,0,27,27,0
douglas_macarthur,313,69,244,300,13
joseph_stefan,1,0,1,1,0
thor_heyerdahl,39,0,39,37,2
marco_polo,127,96,31,119,8
truman_doctrine,102,91,11,97,5
kebra_nagast,6,0,6,6,0
ethics_(book),85,65,20,84,1
atharvaveda,9,0,9,9,0
washington_allston,2,0,2,2,0
orestes_(play),7,0,7,7,0
lulu_(opera),4,0,4,4,0
varuna,41,0,41,39,2
mountains_of_bhutan,3,0,3,3,0
garuda,125,0,125,124,1
state_of_the_union_address,3,0,3,3,0
heterochromatin,7,0,7,7,0
e._m._forster,214,131,83,209,5
carnival,91,0,91,87,4
louis_sullivan,10,0,10,10,0
mary_cassatt,7,0,7,7,0
seychelles,55,43,12,52,3
j._m._coetzee,237,162,75,229,8
jade_emperor,27,0,27,27,0
viracocha,32,0,32,30,2
richard_dawkins,70,0,70,67,3
john_donne,199,84,115,191,8
cycloaddition,2,0,2,2,0
conservation_of_energy,47,0,47,47,0
walt_whitman,365,69,296,352,13
blue_nile,11,0,11,11,0
potential_energy,62,0,62,60,2
sunni_islam,1,0,1,1,0
agent_orange,8,0,8,8,0
formaldehyde,51,0,51,49,2
the_tempest,520,225,295,503,17
citric_acid,5,0,5,5,0
mimicry,76,56,20,74,2
wormhole,27,0,27,25,2
trofim_lysenko,2,0,2,2,0
lugh,67,0,67,67,0
punjabi_literature,2,0,2,2,0
"cartagena,_colombia",8,0,8,7,1
samuel_adams,365,179,186,352,13
piccolo,3,0,3,3,0
martha_graham,5,0,5,5,0
franz_schubert,6,0,6,6,0
philipp_otto_runge,2,0,2,2,0
escape_velocity,17,0,17,17,0
albedo,13,0,13,13,0
cassandra,56,0,56,55,1
centre_georges_pompidou,1,0,1,1,0
bavaria,1,0,1,1,0
single-nucleotide_polymorphism,1,0,1,1,0
book_of_job,46,0,46,45,1
emiliano_zapata,153,75,78,153,0
priapus,35,0,35,35,0
surface_tension,290,155,135,284,6
beirut,11,0,11,11,0
pain,48,0,48,48,0
chanson_de_geste,8,0,8,8,0
cecil_rhodes,177,104,73,171,6
rollo_may,9,0,9,9,0
q_cycle,11,0,11,11,0
the_gulf_stream_(painting),1,0,1,1,0
eugene_ormandy,1,0,1,1,0
max_weber,309,67,242,294,15
chinese_room,11,0,11,11,0
cornea,10,0,10,9,1
pablo_neruda,263,113,150,254,9
brandenburg_concertos,1,0,1,1,0
paul_krugman,86,0,86,83,3
minimum_wage,54,0,54,51,3
partition_function_(statistical_mechanics),150,111,39,148,2
little_women,45,0,45,42,3
histone,135,99,36,124,11
amalthea_(mythology),4,0,4,3,1
cyclopropane,4,0,4,2,2
bastille,227,103,124,217,10
war_of_the_austrian_succession,472,143,329,454,18
pygmalion_(mythology),14,0,14,14,0
ramayana,151,0,151,148,3
giant_magnetoresistance,72,0,72,69,3
carl_nielsen,9,0,9,9,0
a_priori_and_a_posteriori,12,0,12,12,0
electric_field,22,0,22,21,1
law_and_economics,15,0,15,15,0
macbeth_(character),74,49,25,69,5
balaam,24,0,24,24,0
being_and_time,10,0,10,10,0
dialectic,149,0,149,145,4
azide,78,55,23,75,3
atp_synthase,136,92,44,130,6
the_sorrows_of_young_werther,505,426,79,490,15
immanuel_velikovsky,19,0,19,18,1
zechariah_(priest),12,0,12,12,0
sonoran_desert,4,0,4,4,0
alexander_calder,4,0,4,3,1
hawthorne_effect,13,0,13,13,0
johann_pachelbel,12,0,12,12,0
electric_dipole_moment,45,0,45,43,2
ganymede_(moon),28,0,28,26,2
tonsure,9,0,9,9,0
fermi_surface,17,0,17,16,1
hubert_humphrey,187,71,116,179,8
herpesviridae,14,0,14,14,0
hanuman,447,235,212,436,11
steroid,16,0,16,16,0
instanton,39,0,39,37,2
dna_repair,107,0,107,100,7
francisco_goya,1,0,1,1,0
sundiata_keita,16,0,16,14,2
magnetic_monopole,285,106,179,269,16
villa_capra_&quot;la_rotonda&quot;,1,0,1,1,0
eminent_domain,14,0,14,14,0
barnard's_star,4,0,4,4,0
millard_fillmore,241,127,114,233,8
the_magic_flute,25,0,25,25,0
ronald_reagan,504,141,363,482,22
keeling_curve,1,0,1,1,0
curie_temperature,72,0,72,68,4
frankfurt_school,142,66,76,136,6
mars,31,0,31,30,1
shakers,43,0,43,43,0
meninges,8,0,8,7,1
measles,8,0,8,8,0
william_stanley_jevons,24,0,24,21,3
flannery_o'connor,222,152,70,209,13
hippolyta,16,0,16,16,0
bacchus_and_ariadne,5,0,5,5,0
enantioselective_reduction_of_ketones,4,0,4,4,0
grinling_gibbons,1,0,1,1,0
john_philip_sousa,3,0,3,3,0
hiram_powers,1,0,1,1,0
geography_of_cambodia,18,0,18,18,0
sargon_of_akkad,28,0,28,26,2
hijab,11,0,11,11,0
robert_penn_warren,258,217,41,252,6
gila_river,22,0,22,22,0
conversion_on_the_way_to_damascus,1,0,1,1,0
jacques_cartier,165,98,67,160,5
guadalajara,9,0,9,9,0
adsorption,109,0,109,107,2
humbaba,11,0,11,11,0
aldol_condensation,17,0,17,16,1
afternoon_of_a_faun_(nijinsky),9,0,9,9,0
susan_b._anthony,73,40,33,69,4
the_idiot,251,187,64,238,13
brancacci_chapel,7,0,7,7,0
chloroform,27,0,27,24,3
october_manifesto,127,118,9,121,6
william_lloyd_garrison,164,101,63,158,6
mengistu_haile_mariam,8,0,8,8,0
charles_willson_peale,3,0,3,3,0
geography_of_hungary,5,0,5,5,0
mercury_(element),96,49,47,93,3
behaviorism,26,0,26,25,1
july_revolution,176,155,21,171,5
marprelate_controversy,2,0,2,2,0
lugus,6,0,6,6,0
chelation_therapy,4,0,4,4,0
dolly_(sheep),1,0,1,1,0
bay_of_fundy,14,0,14,14,0
elementary_particle,57,0,57,53,4
lake_nicaragua,3,0,3,3,0
loving_v._virginia,1,0,1,1,0
gotland,4,0,4,4,0
norbert_elias,17,0,17,14,3
george_berkeley,231,139,92,224,7
pupa,4,0,4,4,0
friedrich_engels,37,0,37,34,3
gang_of_four,88,83,5,84,4
string_quintet_(schubert),1,0,1,0,1
the_martyrdom_of_saint_matthew_(caravaggio),1,0,1,1,0
arthur_rimbaud,205,112,93,191,14
sergei_rachmaninoff,11,0,11,10,1
meiji_restoration,169,140,29,164,5
aristophanes,17,0,17,17,0
beyond_good_and_evil,155,129,26,152,3
kuru_(disease),4,0,4,4,0
organometallic_chemistry,10,0,10,8,2
sudan,13,0,13,13,0
comoros,13,0,13,12,1
branchiopoda,1,0,1,1,0
glaucus_(son_of_sisyphus),36,0,36,36,0
on_the_road_(film),1,0,1,1,0
an_essay_on_the_principle_of_population,120,0,120,115,5
winston_churchill,597,96,501,578,19
walter_gropius,4,0,4,4,0
opium,12,0,12,12,0
trypsin,20,0,20,17,3
duns_scotus,38,0,38,36,2
the_incoherence_of_the_philosophers,1,0,1,1,0
jerusalem,47,0,47,46,1
joseph_(son_of_jacob),75,0,75,72,3
benito_mussolini,562,175,387,535,27
buffer_overflow,5,0,5,5,0
merrimack_river,5,0,5,5,0
yom_kippur,183,121,62,180,3
purgatory,67,0,67,66,1
wake_island,9,0,9,9,0
william_the_conqueror,324,135,189,307,17
battle_of_trafalgar,155,98,57,150,5
john_knox,53,0,53,51,2
gram_staining,1,0,1,1,0
dave_eggers,2,0,2,2,0
edvard_munch,6,0,6,6,0
zambezi,189,141,48,184,5
tractatus_theologico-politicus,154,136,18,151,3
purkinje_cell,6,0,6,6,0
dante_symphony,9,0,9,9,0
elias_james_corey,52,0,52,50,2
adamantium,1,0,1,1,0
diabetes_insipidus,26,0,26,26,0
vanuatu,32,0,32,31,1
night_on_bald_mountain,14,0,14,14,0
gas_constant,25,0,25,25,0
les_troyens,19,0,19,19,0
zakat,2,0,2,2,0
charles_mingus,2,0,2,2,0
judah_(biblical_person),9,0,9,8,1
three-body_problem,6,0,6,6,0
young_hegelians,8,0,8,7,1
lollardy,77,47,30,73,4
songhai_empire,179,133,46,171,8
zinc,146,0,146,139,7
palenque,19,0,19,17,2
niacin,203,93,110,192,11
sennacherib,20,0,20,19,1
john_kenneth_galbraith,172,75,97,164,8
alfred_binet,5,0,5,5,0
daniel,125,90,35,124,1
alberta,40,0,40,39,1
thorstein_veblen,199,138,61,189,10
an_essay_on_man,5,0,5,5,0
bleach,32,0,32,29,3
capillary,35,0,35,35,0
william_mckinley,528,110,418,510,18
josiah_royce,168,147,21,160,8
gog_and_magog,59,0,59,58,1
john_marshall,215,72,143,208,7
johannes_stark,4,0,4,4,0
dies_irae,2,0,2,2,0
krzysztof_penderecki,2,0,2,2,0
rudyard_kipling,712,154,558,682,30
samuel_de_champlain,174,91,83,168,6
nuclear_fusion,71,0,71,68,3
giorgione,5,0,5,5,0
william_makepeace_thackeray,242,114,128,234,8
david_smith_(sculptor),3,0,3,3,0
john_dryden,248,166,82,240,8
aouzou_strip,2,0,2,2,0
caffeine,61,0,61,59,2
la_strada,17,0,17,16,1
malaria,102,48,54,100,2
breccia,1,0,1,1,0
jonah,162,112,50,160,2
thunder_bay,5,0,5,5,0
maxim_gorky,275,161,114,265,10
beta_ray_bill,21,0,21,21,0
capacitor,188,89,99,183,5
synoptic_gospels,2,0,2,2,0
equipartition_theorem,248,0,248,245,3
charles_sumner,311,94,217,300,11
rwenzori_mountains,3,0,3,3,0
"thebes,_greece",88,58,30,87,1
gibbs_paradox,41,0,41,41,0
gettier_problem,15,0,15,14,1
themis,8,0,8,8,0
beta_oxidation,32,0,32,31,1
the_art_of_loving,2,0,2,2,0
trevi_fountain,1,0,1,1,0
manu_(hinduism),5,0,5,5,0
shakespeare's_sonnets,8,0,8,8,0
whig_party_(united_states),150,98,52,144,6
richard_rorty,77,0,77,76,1
deism,143,0,143,142,1
polymerase_chain_reaction,87,80,7,84,3
king_lear,45,0,45,43,2
erik_erikson,2,0,2,2,0
escherichia_coli,47,24,23,46,1
orphism_(religion),5,0,5,5,0
promoter_(genetics),35,0,35,34,1
pendulum_(mathematics),5,0,5,4,1
clayton_antitrust_act,94,77,17,91,3
irving_langmuir,12,0,12,12,0
cooperativity,4,0,4,3,1
scheduling_(computing),3,0,3,3,0
pomp_and_circumstance_marches,6,0,6,6,0
perseus_with_the_head_of_medusa,6,0,6,6,0
philosophical_investigations,64,0,64,62,2
neoplatonism,74,0,74,74,0
plasmodium,4,0,4,4,0
missouri_river,64,0,64,62,2
padua,3,0,3,3,0
spontaneous_symmetry_breaking,51,0,51,48,3
coelacanth,10,0,10,10,0
ribozyme,18,0,18,17,1
hugo_grotius,39,0,39,38,1
william_byrd,28,0,28,28,0
falklands_war,233,120,113,224,9
francis_galton,52,0,52,51,1
dragon,55,0,55,54,1
methadone,12,0,12,12,0
the_frogs,184,100,84,176,8
serenade,1,0,1,1,0
azerbaijan,22,0,22,20,2
spallation,3,0,3,3,0
surrealism,38,0,38,37,1
nicolas_poussin,2,0,2,2,0
humphry_davy,6,0,6,6,0
muskrat,1,0,1,1,0
sodium,41,0,41,39,2
summary_judgment,2,0,2,2,0
two_treatises_of_government,70,0,70,69,1
total_internal_reflection,122,103,19,117,5
baal,45,0,45,44,1
theses_on_feuerbach,3,0,3,3,0
fathers_and_sons_(novel),80,28,52,75,5
supersymmetry,127,75,52,116,11
tympanic_membrane_retraction,3,0,3,3,0
the_structure_of_scientific_revolutions,111,66,45,104,7
genetic_linkage,6,0,6,4,2
sunset_boulevard_(film),13,0,13,13,0
histidine,81,74,7,76,5
the_infinity_gauntlet,1,0,1,1,0
nehemiah,1,0,1,1,0
namibia,4,0,4,4,0
adam_smith,137,0,137,130,7
the_sociological_imagination,7,0,7,6,1
true_cross,23,0,23,22,1
sn2_reaction,21,0,21,20,1
west_nile_virus,25,0,25,25,0
arthur_conan_doyle,184,38,146,180,4
maya_angelou,280,123,157,268,12
harp,20,0,20,20,0
david_foster_wallace,126,62,64,122,4
kaposi's_sarcoma,88,82,6,86,2
polychlorinated_dibenzodioxins,5,0,5,5,0
giordano_bruno,45,0,45,45,0
aerodynamic_drag,3,0,3,3,0
nosferatu,5,0,5,5,0
israel_in_egypt,1,0,1,1,0
igneous_rock,4,0,4,4,0
epicurus,158,99,59,156,2
hermes,498,250,248,489,9
gullah,7,0,7,7,0
gathas,6,0,6,6,0
autism_spectrum,15,0,15,15,0
roy_lichtenstein,11,0,11,11,0
finland,250,126,124,241,9
copper,53,0,53,49,4
the_flying_dutchman_(opera),1,0,1,0,1
philip_glass,16,0,16,16,0
family_resemblance,1,0,1,1,0
hydrogen_atom,61,0,61,58,3
fibonacci_number,12,0,12,12,0
amyotrophic_lateral_sclerosis,45,0,45,45,0
protein_sequencing,18,0,18,16,2
the_lark_ascending,1,0,1,1,0
albert_camus,30,0,30,29,1
polycyclic_aromatic_hydrocarbon,9,0,9,9,0
baryon,36,0,36,31,5
salween_river,26,0,26,25,1
the_firebird,2,0,2,2,0
infectious_mononucleosis,19,0,19,18,1
notch_signaling_pathway,57,0,57,51,6
aggregate_demand,17,0,17,17,0
kalki,21,0,21,21,0
sense_and_sensibility,228,120,108,219,9
lord's_resistance_army,11,0,11,11,0
isoprene,7,0,7,7,0
hamiltonian_(quantum_mechanics),48,0,48,47,1
whore_of_babylon,3,0,3,3,0
salisbury_cathedral,4,0,4,4,0
first_continental_congress,1,0,1,1,0
k2,2,0,2,2,0
howard_carter,2,0,2,1,1
nestorius,6,0,6,6,0
cameroon,19,0,19,19,0
yellow_submarine_(film),7,0,7,5,2
full_faith_and_credit_clause,1,0,1,1,0
flute,6,0,6,6,0
salmon,13,0,13,12,1
perturbation_theory_(quantum_mechanics),123,0,123,122,1
daphne,9,0,9,9,0
eskimo,4,0,4,4,0
geryon,25,0,25,24,1
joseph_stiglitz,39,0,39,39,0
the_celebrated_jumping_frog_of_calaveras_county,131,119,12,125,6
akhenaten,164,0,164,158,6
the_gross_clinic,1,0,1,1,0
equivalence_principle,27,0,27,27,0
azimuth,1,0,1,1,0
sign_of_the_cross,22,0,22,21,1
refractive_index,136,0,136,134,2
zhou_dynasty,8,0,8,7,1
forseti,1,0,1,1,0
hokkaido,10,0,10,10,0
beta_decay,200,131,69,188,12
robert_mapplethorpe,4,0,4,4,0
church_of_the_holy_sepulchre,22,0,22,21,1
euthyphro,6,0,6,6,0
vistula,26,0,26,24,2
samuel_butler_(novelist),151,84,67,145,6
cholera,116,72,44,112,4
the_bluest_eye,2,0,2,2,0
shylock,122,107,15,117,5
"john_forbes_nash,_jr.",14,0,14,13,1
far_side_of_the_moon,7,0,7,7,0
flight_into_egypt,11,0,11,11,0
isamu_noguchi,5,0,5,5,0
transactional_analysis,48,0,48,48,0
thuringia,4,0,4,4,0
four_noble_truths,13,0,13,13,0
gospel,27,0,27,27,0
fugacity,183,141,42,182,1
truman_capote,651,182,469,622,29
albert_b._fall,71,51,20,68,3
civil_disobedience_(thoreau),158,156,2,155,3
transpiration,1,0,1,1,0
ray_bradbury,260,60,200,253,7
henry_cowell,12,0,12,12,0
robert_barro,17,0,17,16,1
tobias_smollett,124,93,31,119,5
the_day_of_the_locust,55,24,31,54,1
vulcan_(hypothetical_planet),7,0,7,7,0
gottlob_frege,16,0,16,16,0
persian_gulf,8,0,8,8,0
urea_cycle,97,88,9,90,7
hippocampus,155,97,58,148,7
arthur_jensen,41,0,41,40,1
geography_of_cuba,3,0,3,3,0
rostam,6,0,6,6,0
critique_of_pure_reason,201,92,109,194,7
asthma,19,0,19,19,0
carpus,4,0,4,4,0
thomas_merton,49,0,49,49,0
the_glass_bead_game,152,117,35,142,10
five_pillars_of_islam,9,0,9,8,1
tennessee,13,0,13,13,0
appalachian_spring,1,0,1,1,0
esophagus,55,52,3,50,5
social_contract,163,110,53,158,5
barabbas,4,0,4,4,0
discriminant,9,0,9,9,0
la_fanciulla_del_west,1,0,1,1,0
attitude_(psychology),27,0,27,27,0
kind_of_blue,5,0,5,4,1
gospel_of_john,86,0,86,85,1
laos,13,0,13,12,1
pituitary_gland,84,67,17,79,5
ancient_corinth,233,109,124,226,7
the_last_judgment_(michelangelo),1,0,1,1,0
the_barque_of_dante,1,0,1,1,0
bone_marrow,21,0,21,21,0
marshall_sahlins,3,0,3,3,0
sabines,7,0,7,7,0
bile,1,0,1,0,1
ian_paisley,3,0,3,3,0
comparator,11,0,11,10,1
g_protein,41,0,41,41,0
biomass_(ecology),5,0,5,5,0
endowment_effect,5,0,5,4,1
nash_equilibrium,5,0,5,5,0
andromache,7,0,7,7,0
the_metamorphosis,231,156,75,224,7
the_daughters_of_edward_darley_boit,1,0,1,1,0
portugal,495,225,270,482,13
imperialism,19,0,19,19,0
katherine_anne_porter,156,113,43,151,5
ecclesiastes,12,0,12,12,0
ethylene,89,58,31,85,4
defence_mechanisms,13,0,13,12,1
toledo_cathedral,26,0,26,26,0
sonnets_from_the_portuguese,74,47,27,72,2
janus,394,183,211,386,8
the_mayor_of_casterbridge,361,140,221,341,20
michael_haydn,1,0,1,1,0
ernst_mayr,15,0,15,15,0
neutron,229,90,139,222,7
council_of_chalcedon,110,55,55,103,7
barbara_mcclintock,41,0,41,39,2
humber,3,0,3,2,1
prague,9,0,9,9,0
eugene_onegin_(opera),4,0,4,4,0
cumberland_river,7,0,7,7,0
casimir_effect,200,108,92,190,10
mordred,5,0,5,4,1
margaret_thatcher,302,117,185,292,10
hyperventilation,8,0,8,8,0
tay-sachs_disease,35,0,35,33,2
anne_bradstreet,360,208,152,345,15
gilles_deleuze,73,0,73,68,5
howl,227,152,75,221,6
speak_no_evil,1,0,1,0,1
azeotrope,22,0,22,21,1
raney_nickel,20,0,20,19,1
great_expectations,260,78,182,247,13
manhattan_(film),3,0,3,3,0
roland_barthes,74,0,74,73,1
sparta,210,107,103,205,5
cud,1,0,1,1,0
easter,80,0,80,78,2
arrhenius_equation,242,183,59,236,6
zoroaster,107,0,107,105,2
lewis_terman,2,0,2,2,0
autonomous_region_of_bougainville,1,0,1,1,0
fenrir,74,0,74,74,0
the_portrait_of_a_lady,225,135,90,219,6
flux,35,0,35,34,1
protagoras,19,0,19,18,1
walrus,14,0,14,13,1
south_china_sea,2,0,2,1,1
bowling_alone,2,0,2,2,0
triceratops,13,0,13,13,0
vienna_standard_mean_ocean_water,1,0,1,1,0
edgar_degas,3,0,3,3,0
summa_theologica,38,0,38,38,0
nicaragua,40,0,40,38,2
henrik_ibsen,270,256,14,262,8
toyotomi_hideyoshi,113,70,43,107,6
the_descent_from_the_cross_(van_der_weyden),3,0,3,2,1
petrified_forest_national_park,19,0,19,19,0
nuclear_magnetic_resonance,339,139,200,330,9
andromeda_(mythology),96,21,75,93,3
metamorphoses,25,0,25,25,0
phobos_(moon),12,0,12,12,0
critical_mass,27,0,27,27,0
spellbound_(1945_film),5,0,5,5,0
first_crusade,327,123,204,314,13
maxwell's_equations,99,0,99,95,4
empire_state_building,17,0,17,17,0
diwali,311,159,152,305,6
battle_of_blenheim,228,107,121,220,8
yalu_river,8,0,8,8,0
jet_stream,13,0,13,11,2
bankruptcy,6,0,6,6,0
septuagint,26,0,26,26,0
kokopelli,7,0,7,7,0
oliver_cromwell,381,112,269,367,14
salmon_p._chase,136,106,30,134,2
paul_cezanne,5,0,5,5,0
bathsheba,25,0,25,22,3
treaty_of_tordesillas,117,91,26,112,5
grammatical_gender,8,0,8,8,0
lena_river,14,0,14,14,0
boiling_point,29,0,29,29,0
brewster's_angle,6,0,6,6,0
des_moines_river,4,0,4,4,0
ketone,103,62,41,99,4
twyla_tharp,1,0,1,1,0
salton_sea,8,0,8,8,0
lake_eyre,6,0,6,6,0
psychoanalysis,174,0,174,170,4
the_golden_cockerel,3,0,3,3,0
babylonian_captivity,16,0,16,16,0
beta_sheet,16,0,16,15,1
wave_function,60,0,60,55,5
david_hockney,1,0,1,1,0
book_of_leviticus,27,0,27,26,1
voltaire,80,0,80,77,3
white_lotus_rebellion,1,0,1,1,0
baron_samedi,3,0,3,3,0
django_reinhardt,1,0,1,1,0
the_birth_of_venus_(botticelli),4,0,4,4,0
top_quark,18,0,18,17,1
amidah,73,0,73,72,1
ariadne,36,0,36,36,0
great_slave_lake,1,0,1,1,0
maldives,35,0,35,34,1
henri_becquerel,3,0,3,3,0
socrates,93,0,93,90,3
delft,1,0,1,1,0
savitri_and_satyavan,8,0,8,8,0
jason,214,0,214,208,6
peace_of_westphalia,195,176,19,188,7
sigmund,19,0,19,19,0
an_enquiry_concerning_human_understanding,154,100,54,151,3
lorenzo_ghiberti,1,0,1,1,0
minnesota_multiphasic_personality_inventory,12,0,12,11,1
tabula_rasa,11,0,11,11,0
"string_quartets,_op._76_(haydn)",3,0,3,3,0
raoult's_law,26,0,26,26,0
puranas,18,0,18,18,0
cortisone,6,0,6,6,0
new_south_wales,6,0,6,6,0
stephen_jay_gould,80,0,80,77,3
parasympathetic_nervous_system,37,0,37,37,0
sampo_(film),6,0,6,6,0
edward_b._titchener,10,0,10,9,1
4_vesta,13,0,13,13,0
kronecker_delta,1,0,1,1,0
naguib_mahfouz,309,190,119,291,18
niobe,270,232,38,262,8
yellowstone_national_park,40,0,40,39,1
edward_c._tolman,11,0,11,11,0
antigen,12,0,12,12,0
mural,4,0,4,4,0
malleus_maleficarum,3,0,3,3,0
ishtar,244,195,49,240,4
hubbard_model,30,0,30,27,3
utopia_(book),44,25,19,42,2
elisa,36,0,36,36,0
the_prince_and_the_pauper,180,142,38,173,7
chicago,13,0,13,12,1
joseph_mccarthy,233,80,153,226,7
rayleigh_scattering,13,0,13,13,0
lambda_phage,36,0,36,35,1
salvador_allende,240,113,127,233,7
photoelectric_effect,325,160,165,313,12
cogito_ergo_sum,5,0,5,5,0
war_of_the_spanish_succession,448,241,207,432,16
the_hedgehog_and_the_fox,10,0,10,10,0
alhambra,4,0,4,3,1
witness_for_the_prosecution_(1957_film),2,0,2,2,0
kitchen_cabinet,93,71,22,92,1
frederick_delius,4,0,4,4,0
conduction_aphasia,4,0,4,4,0
gravitational_microlensing,32,0,32,32,0
cern,2,0,2,2,0
tantalus,284,224,60,279,5
alaska,30,0,30,28,2
mourning_becomes_electra,235,184,51,227,8
polyphemus,54,0,54,54,0
waiting_for_the_barbarians,1,0,1,1,0
the_theory_of_the_leisure_class,90,68,22,84,6
strait_of_hormuz,2,0,2,2,0
denkard,22,0,22,21,1
talos,6,0,6,6,0
lima,18,0,18,17,1
cretaceous,7,0,7,7,0
asteroid,19,0,19,18,1
the_bells_(symphony),2,0,2,2,0
ben_jonson,431,163,268,420,11
indifference_curve,38,30,8,35,3
karen_horney,22,0,22,21,1
orestes,56,0,56,55,1
zora_neale_hurston,284,140,144,270,14
maurice_ravel,19,0,19,19,0
basal-cell_carcinoma,9,0,9,9,0
jurgen_habermas,102,102,0,97,5
glyoxylate_cycle,27,0,27,27,0
gibberellin,60,0,60,58,2
gabriel,10,0,10,9,1
puntland,3,0,3,3,0
double-slit_experiment,78,0,78,75,3
manfred_symphony,1,0,1,1,0
kappa_(folklore),12,0,12,12,0
dispersion_(optics),10,0,10,10,0
provisions_of_oxford,87,61,26,80,7
boris_pasternak,393,122,271,372,21
lysine,14,0,14,10,4
chymotrypsin,15,0,15,13,2
asbestos,16,0,16,16,0
lagrangian_mechanics,59,0,59,58,1
mona_lisa,6,0,6,6,0
leukemia,41,0,41,40,1
the_white_goddess,10,0,10,10,0
ralph_vaughan_williams,2,0,2,2,0
vaslav_nijinsky,12,0,12,12,0
carbon_tetrachloride,1,0,1,1,0
dominica,20,0,20,20,0
native_son,724,365,359,702,22
solon,162,90,72,159,3
alvin_toffler,4,0,4,4,0
the_spanish_tragedy,208,76,132,201,7
nestor_(mythology),19,0,19,19,0
gioachino_rossini,4,0,4,3,1
don_giovanni,9,0,9,8,1
johannes_brahms,4,0,4,3,1
transit_of_venus,3,0,3,3,0
gustav_klimt,5,0,5,5,0
theseus,765,350,415,729,36
lillian_hellman,26,0,26,25,1
borders_of_suriname,3,0,3,3,0
bernardo_o'higgins,106,47,59,102,4
hyperion_(moon),5,0,5,5,0
rosalind_franklin,16,0,16,16,0
sonata,5,0,5,5,0
mercury_(planet),38,0,38,35,3
dmitry_kabalevsky,1,0,1,1,0
vagus_nerve,37,0,37,35,2
third_epistle_to_the_corinthians,2,0,2,2,0
belgrade,8,0,8,6,2
ferromagnetism,183,107,76,174,9
jephthah,5,0,5,5,0
wassily_leontief,3,0,3,3,0
hippopotamus,37,0,37,37,0
autoimmunity,26,0,26,23,3
the_lottery,210,146,64,203,7
grashof_number,17,0,17,17,0
cellular_respiration,75,0,75,70,5
treaty_of_waitangi,105,60,45,102,3
andrew_wyeth,2,0,2,2,0
strain_(chemistry),13,0,13,13,0
hestia,17,0,17,17,0
intelligence_quotient,93,0,93,91,2
g._e._moore,9,0,9,9,0
the_milkmaid_(vermeer),7,0,7,7,0
erie_canal,83,24,59,81,2
mean_free_path,12,0,12,12,0
hyperinflation,16,0,16,16,0
alkyne,58,0,58,56,2
rho_meson,2,0,2,2,0
platte_river,19,0,19,19,0
el_dorado,22,0,22,21,1
lake_baikal,11,0,11,11,0
geomagnetic_reversal,6,0,6,6,0
richard_morris_hunt,5,0,5,5,0
valles_marineris,8,0,8,8,0
william_golding,226,147,79,218,8
triboluminescence,7,0,7,7,0
vishnu,282,131,151,281,1
symphony_no._1_(mahler),3,0,3,3,0
eliminative_materialism,10,0,10,9,1
cape_town,26,0,26,25,1
thomas_mann,389,234,155,376,13
nino_rota,1,0,1,1,0
pericles,121,39,82,119,2
jacques_derrida,153,0,153,147,6
the_catcher_in_the_rye,315,116,199,308,7
michael_oakeshott,32,0,32,27,5
sweden,19,0,19,18,1
ronald_dworkin,8,0,8,8,0
daniel_ortega,5,0,5,5,0
fermentation,104,55,49,102,2
mario_vargas_llosa,447,145,302,428,19
seville,4,0,4,4,0
three_dialogues_between_hylas_and_philonous,3,0,3,3,0
uganda,19,0,19,18,1
apollo_and_daphne,4,0,4,4,0
absalom,3,0,3,3,0
deucalion,17,0,17,17,0
dallas,6,0,6,6,0
gustav_mahler,6,0,6,6,0
main_street_(novel),180,139,41,174,6
kura_river,35,0,35,34,1
"alfred,_lord_tennyson",165,49,116,161,4
diamagnetism,130,106,24,123,7
red_tide,1,0,1,1,0
deuterium,101,0,101,96,5
friedrich_schiller,213,122,91,208,5
frederick_winslow_taylor,17,0,17,17,0
metamorphism,6,0,6,5,1
andrea_del_verrocchio,2,0,2,2,0
marcello_malpighi,14,0,14,14,0
plessy_v._ferguson,53,24,29,53,0
velociraptor,15,0,15,15,0
the_antichrist_(book),63,0,63,61,2
edward_jenner,30,22,8,30,0
king_arthur,65,0,65,63,2
albertus_magnus,24,0,24,23,1
frank_lloyd_wright,27,0,27,26,1
starch,21,0,21,20,1
astigmatism,5,0,5,5,0
kazakhstan,14,0,14,13,1
arawn,1,0,1,0,1
book_of_common_prayer,47,0,47,45,2
stainless_steel,2,0,2,2,0
a_treatise_of_human_nature,118,0,118,116,2
coherence_(physics),30,0,30,29,1
krypton,10,0,10,9,1
marcus_licinius_crassus,117,68,49,111,6
lake_geneva,6,0,6,6,0
v(d)j_recombination,15,0,15,15,0
immunity_(medical),10,0,10,10,0
judith_butler,69,0,69,67,2
san_antonio,1,0,1,1,0
toshiko_akiyoshi,1,0,1,1,0
frans_hals,3,0,3,3,0
hemocyanin,11,0,11,10,1
hugh_capet,104,79,25,97,7
aspartame,22,0,22,21,1
serapis,16,0,16,15,1
persephone,320,0,320,313,7
john_adams_(composer),11,0,11,11,0
analects,18,0,18,18,0
sydney_opera_house,5,0,5,5,0
the_dagda,287,273,14,278,9
erving_goffman,161,94,67,151,10
thomas_bayes,2,0,2,2,0
empedocles,149,126,23,140,9
g._stanley_hall,25,0,25,24,1
francis_fukuyama,34,0,34,33,1
charles_martel,342,161,181,332,10
the_bridge_(long_poem),74,30,44,74,0
ferdinand_magellan,224,146,78,212,12
great_sandy_desert,3,0,3,3,0
franz_brentano,1,0,1,1,0
saponification,1,0,1,1,0
anna_karenina,472,125,347,454,18
lochner_v._new_york,8,0,8,8,0
genetic_drift,12,0,12,11,1
physics_(aristotle),27,0,27,25,2
apsara,29,0,29,29,0
osmotic_pressure,172,141,31,170,2
rainbow_serpent,49,0,49,49,0
cuyahoga_river,8,0,8,8,0
broken_windows_theory,34,0,34,33,1
agar,4,0,4,4,0
monoclonal_antibody_therapy,14,0,14,13,1
structuralism,61,0,61,59,2
antonin_scalia,24,0,24,24,0
determinism,58,0,58,58,0
hypertension,39,0,39,38,1
andrew_jackson,404,152,252,392,12
ijtihad,4,0,4,4,0
nabokov,253,185,68,244,9
coatlicue,29,0,29,27,2
operon,49,38,11,46,3
squid,10,0,10,9,1
ballades_(chopin),4,0,4,4,0
hittite_language,9,0,9,9,0
convection,56,0,56,54,2
amedeo_modigliani,2,0,2,2,0
absinthe,2,0,2,2,0
beloved_(novel),88,56,32,85,3
the_nutcracker,9,0,9,9,0
the_battle_of_alexander_at_issus,9,0,9,9,0
stamen,2,0,2,2,0
county_donegal,1,0,1,1,0
spindle_apparatus,23,0,23,20,3
lakshmi,98,0,98,96,2
eurydice,12,0,12,11,1
symphonie_fantastique,1,0,1,0,1
ludwig_wittgenstein,75,0,75,71,4
gilbert_and_sullivan,20,0,20,20,0
riemann_zeta_function,13,0,13,12,1
democracy_in_america,6,0,6,6,0
glycine,75,55,20,71,4
ken_kesey,1,0,1,1,0
bighorn_sheep,7,0,7,7,0
tests_of_general_relativity,80,0,80,80,0
konrad_lorenz,15,0,15,14,1
colony_collapse_disorder,24,0,24,23,1
gustave_courbet,2,0,2,1,1
don_pasquale,1,0,1,1,0
the_cunning_little_vixen,2,0,2,2,0
guanine,5,0,5,5,0
xipe_totec,64,0,64,61,3
mustafa_kemal_ataturk,171,135,36,164,7
book_of_ezekiel,9,0,9,9,0
john_hicks,2,0,2,1,1
nimrod,90,0,90,88,2
dubai,16,0,16,16,0
paris_commune,263,164,99,262,1
jefferson_davis,430,155,275,410,20
a_room_with_a_view,456,307,149,437,19
annabel_lee,38,28,10,38,0
ozone,127,0,127,124,3
senegal_river,35,0,35,35,0
sarajevo,12,0,12,12,0
chlorophyll_a,152,134,18,150,2
georgia_(country),16,0,16,15,1
ashgabat,2,0,2,2,0
george_washington_carver,11,0,11,10,1
enki,430,216,214,423,7
keratin,13,0,13,12,1
electronegativity,174,114,60,166,8
problem_of_evil,91,0,91,88,3
tammany_hall,234,151,83,225,9
hippocrates,15,0,15,15,0
bluebeard's_castle,1,0,1,1,0
mass_in_b_minor,3,0,3,3,0
james_the_just,44,0,44,44,0
lipid,169,0,169,166,3
demand_curve,6,0,6,6,0
john_everett_millais,2,0,2,2,0
lines_written_a_few_miles_above_tintern_abbey,93,69,24,92,1
taurus_(constellation),21,0,21,20,1
liquidity_trap,83,76,7,83,0
turandot,10,0,10,9,1
yogacara,25,0,25,23,2
cracking_(chemistry),33,0,33,33,0
hindu_kush,1,0,1,1,0
ethan_allen,218,72,146,210,8
reverse_transcriptase,14,0,14,14,0
the_origins_of_totalitarianism,1,0,1,1,0
endorphins,9,0,9,8,1
aromaticity,39,0,39,37,2
suprematism,1,0,1,1,0
oxidative_phosphorylation,152,0,152,147,5
marie_de'_medici_cycle,182,0,182,180,2
rococo,3,0,3,3,0
synchrotron,7,0,7,7,0
michelangelo,17,0,17,17,0
scurvy,48,20,28,45,3
charles_evans_hughes,279,138,141,273,6
sistine_chapel_ceiling,93,0,93,92,1
william_tecumseh_sherman,326,106,220,309,17
plutonium,78,0,78,77,1
ferrocene,58,0,58,55,3
darjeeling,4,0,4,4,0
peloponnesian_war,245,163,82,237,8
paraguay,158,100,58,152,6
raphael,11,0,11,11,0
robert_bunsen,33,32,1,31,2
geiger_counter,17,0,17,16,1
oak,27,0,27,27,0
color_charge,15,0,15,13,2
robert_schumann,3,0,3,3,0
edward_the_confessor,194,148,46,185,9
bartolomeu_dias,65,56,9,63,2
transfection,1,0,1,1,0
laius,15,0,15,14,1
hundred_schools_of_thought,3,0,3,3,0
symphony_no._9_(beethoven),4,0,4,3,1
berthe_morisot,3,0,3,3,0
l'italiana_in_algeri,1,0,1,1,0
the_second_sex,19,0,19,17,2
eukaryotic_dna_replication,63,0,63,58,5
lactose,1,0,1,1,0
muller's_ratchet,3,0,3,3,0
pupil,14,0,14,14,0
mount_of_olives,10,0,10,10,0
cytosol,63,0,63,62,1
hall_effect,204,124,80,200,4
paris,4,0,4,4,0
intron,28,0,28,26,2
gorgias,47,0,47,45,2
wounded_knee_massacre,194,135,59,191,3
cognitive_dissonance,202,163,39,199,3
halogen,33,0,33,31,2
retinal_ganglion_cell,22,0,22,22,0
crito,5,0,5,5,0
mass_spectrometry,196,93,103,183,13
barium,27,0,27,26,1
hartford_convention,155,113,42,153,2
paul_gauguin,11,0,11,11,0
ghost_dance,40,0,40,40,0
lapland_(region),1,0,1,1,0
anemia,24,0,24,24,0
thor_(comics),5,0,5,5,0
high-temperature_superconductivity,61,0,61,59,2
the_bridge_on_the_river_kwai,1,0,1,1,0
marshall_plan,25,0,25,24,1
nathaniel_hawthorne,514,273,241,489,25
seven_archangels,3,0,3,3,0
epistle_to_the_hebrews,21,0,21,21,0
special_relativity,186,0,186,181,5
titin,1,0,1,1,0
y_chromosome,103,76,27,99,4
carl_bosch,2,0,2,2,0
akbar,344,67,277,328,16
fidelio,8,0,8,8,0
heat_capacity,368,118,250,360,8
the_scarlet_letter,10,0,10,9,1
pele_(deity),274,262,12,267,7
san_andreas_fault,7,0,7,7,0
only_built_4_cuban_linx...,1,0,1,1,0
dark_energy,193,95,98,189,4
jaundice,61,0,61,58,3
gyroscope,40,0,40,39,1
surtr,19,0,19,19,0
also_sprach_zarathustra_(strauss),1,0,1,1,0
swiss_guard,7,0,7,7,0
thor_(marvel_comics),77,0,77,75,2
lilith,220,0,220,214,6
averroes,103,85,18,98,5
flores,5,0,5,5,0
ethanol,167,0,167,162,5
dionysus,807,352,455,794,13
tian_shan,1,0,1,1,0
electrolysis,31,0,31,30,1
marduk,378,347,31,369,9
ordinary_time,4,0,4,4,0
fergana_valley,5,0,5,5,0
semitic_languages,10,0,10,10,0
miguel_de_unamuno,217,163,54,210,7
symphony_no._7_(beethoven),3,0,3,3,0
poynting_vector,116,85,31,114,2
roman_jakobson,7,0,7,7,0
ymir,24,0,24,24,0
the_great_gatsby,492,272,220,473,19
heimskringla,4,0,4,4,0
one_hundred_years_of_solitude,562,160,402,538,24
mishnah,34,0,34,33,1
scanning_tunneling_microscope,36,0,36,33,3
the_natural,6,0,6,5,1
desiderius_erasmus,60,0,60,60,0
hanoi,6,0,6,6,0
alexander_the_great,238,0,238,233,5
cushing's_syndrome,26,0,26,25,1
the_myth_of_sisyphus,3,0,3,3,0
ajanta_caves,22,0,22,22,0
visual_cliff,2,0,2,2,0
lysosomal_storage_disease,12,0,12,11,1
foucault_pendulum,3,0,3,3,0
cerebellum,164,99,65,159,5
new_objectivity,6,0,6,6,0
hall_of_mirrors,2,0,2,2,0
dodo,27,0,27,26,1
streptococcus,4,0,4,4,0
iridium,39,0,39,37,2
grenada,15,0,15,14,1
carmen,10,0,10,9,1
oort_cloud,15,0,15,15,0
battle_of_the_little_bighorn,212,86,126,204,8
renormalization,116,0,116,109,7
hemoglobin,335,125,210,325,10
silent_spring,4,0,4,4,0
federico_garcia_lorca,168,117,51,164,4
cache_(computing),2,0,2,2,0
atreus,90,0,90,88,2
jabberwocky,70,36,34,69,1
south_island,18,0,18,18,0
robert_burns,163,41,122,158,5
nagasaki,59,38,21,55,4
yasunari_kawabata,438,307,131,423,15
midas,108,14,94,104,4
wang_anshi,2,0,2,2,0
gustave_caillebotte,1,0,1,1,0
second_council_of_ephesus,8,0,8,8,0
harry_s._truman,455,86,369,436,19
george_h._pendleton,113,105,8,110,3
bitterroot_range,1,0,1,1,0
parallel_(geometry),2,0,2,2,0
aquarius_(constellation),12,0,12,12,0
wittig_reaction,109,66,43,104,5
harriet_beecher_stowe,239,128,111,230,9
borneo,8,0,8,8,0
william_of_ockham,16,0,16,15,1
jenny_lind,1,0,1,1,0
battle_of_bosworth_field,334,152,182,317,17
origen,92,0,92,91,1
daniel_dennett,9,0,9,9,0
sophocles,283,196,87,270,13
jury_nullification,11,0,11,11,0
lanthanide_contraction,1,0,1,1,0
dylan_thomas,353,172,181,342,11
civilization_and_its_discontents,143,128,15,142,1
chromatography,127,82,45,121,6
victoria_woodhull,144,106,38,136,8
planetary_nebula,43,0,43,42,1
oxyrhynchus,3,0,3,3,0
hermeneutics,86,0,86,83,3
der_rosenkavalier,2,0,2,2,0
nighthawks,4,0,4,4,0
mausoleum_at_halicarnassus,13,0,13,13,0
george_frideric_handel,8,0,8,8,0
robert_louis_stevenson,500,237,263,481,19
hideki_tojo,140,135,5,139,1
anthropic_principle,32,0,32,32,0
nadine_gordimer,339,206,133,324,15
gulliver's_travels,138,55,83,130,8
sympatric_speciation,1,0,1,1,0
horus,217,148,69,208,9
eleanor_of_aquitaine,233,99,134,218,15
louis_brandeis,287,85,202,283,4
motet,2,0,2,2,0
branching_(polymer_chemistry),3,0,3,3,0
arizona,29,0,29,29,0
cirrhosis,50,0,50,48,2
flatworm,42,0,42,39,3
olefin_metathesis,49,0,49,47,2
marcel_mauss,140,121,19,134,6
hand,12,0,12,12,0
john_singer_sargent,5,0,5,3,2
horseshoe_crab,1,0,1,1,0
kin_selection,25,0,25,25,0
operational_amplifier,26,0,26,25,1
james_joyce,61,0,61,60,1
helen_of_troy,191,0,191,184,7
sobek,14,0,14,13,1
marginal_revenue,4,0,4,4,0
fractional_distillation,5,0,5,5,0
fundamental_attribution_error,137,129,8,134,3
esperanto,29,0,29,29,0
modified_newtonian_dynamics,51,0,51,50,1
the_awakening_(chopin_novel),205,111,94,199,6
roger_bacon,44,0,44,43,1
sulfuric_acid,144,64,80,139,5
sumatra,12,0,12,11,1
glucose,115,0,115,108,7
kamchatka_peninsula,4,0,4,4,0
type_ia_supernova,14,0,14,14,0
protein_kinase,34,0,34,29,5
stark_effect,209,159,50,205,4
tess_of_the_d'urbervilles,416,83,333,404,12
lucy_(australopithecus),9,0,9,9,0
the_waste_land,263,101,162,247,16
influenza_a_virus_subtype_h1n1,8,0,8,8,0
gutzon_borglum,3,0,3,3,0
gabon,1,0,1,1,0
plasmid,14,0,14,13,1
thomas_young_(scientist),17,0,17,16,1
galileo_galilei,57,0,57,55,2
galilean_moons,9,0,9,9,0
pollination,3,0,3,3,0
kaaba,126,98,28,120,6
caspar_david_friedrich,13,0,13,12,1
torque,180,132,48,175,5
pitirim_sorokin,1,0,1,0,1
meristem,55,0,55,51,4
botswana,10,0,10,10,0
john_a._macdonald,253,129,124,249,4
milky_way,29,0,29,28,1
bernard_malamud,215,142,73,207,8
komodo_dragon,22,0,22,22,0
spermatogenesis,22,0,22,20,2
tibia,9,0,9,9,0
the_origin_of_the_work_of_art,7,0,7,7,0
string_theory,126,0,126,121,5
passover,90,0,90,89,1
diet_of_worms,105,78,27,103,2
leon_festinger,39,0,39,38,1
recess_appointment,1,0,1,1,0
pwyll,12,0,12,11,1
pineapple,9,0,9,9,0
the_open_boat,11,0,11,11,0
andrea_del_sarto,1,0,1,1,0
henry_purcell,9,0,9,9,0
two_dogmas_of_empiricism,123,117,6,120,3
violin_concerto_no._4_(paganini),2,0,2,2,0
pierre-auguste_renoir,1,0,1,1,0
simone_de_beauvoir,169,126,43,156,13
mary_baker_eddy,133,60,73,128,5
adenosine_triphosphate,281,110,171,265,16
minnesota,10,0,10,10,0
vandals,172,125,47,167,5
geography_of_mozambique,18,0,18,17,1
kurt_koffka,3,0,3,3,0
savannah_river,13,0,13,13,0
george_eliot,361,194,167,348,13
schwarzschild_metric,21,0,21,21,0
guatemala,16,0,16,15,1
tuberculosis,98,71,27,93,5
haiti,37,0,37,36,1
jimmy_carter,336,124,212,317,19
brownian_motion,250,96,154,241,9
alexander_pushkin,278,146,132,270,8
basal_ganglia,47,0,47,45,2
formal_charge,11,0,11,10,1
hagar,25,0,25,24,1
london_dispersion_force,11,0,11,8,3
combustion,75,0,75,73,2
robert_k._merton,170,119,51,162,8
the_presentation_of_self_in_everyday_life,82,82,0,79,3
ishi,12,0,12,11,1
sarawak,11,0,11,10,1
positron,17,0,17,17,0
pikes_peak,2,0,2,2,0
the_bostonians,255,217,38,246,9
larynx,13,0,13,12,1
naphthalene,37,0,37,37,0
vedas,47,0,47,47,0
zeno's_paradoxes,3,0,3,3,0
taliesin_west,1,0,1,1,0
papyrus,1,0,1,1,0
nutation,8,0,8,8,0
francisco_pizarro,172,102,70,164,8
rubisco,182,115,67,173,9
semele,73,0,73,71,2
alexander_ii_of_russia,346,226,120,338,8
louis_althusser,114,0,114,109,5
nergal,16,0,16,14,2
vulcanization,13,0,13,13,0
louis_pasteur,37,23,14,36,1
john_wilkes_booth,266,72,194,256,10
stroop_effect,8,0,8,8,0
hydrochloric_acid,18,0,18,16,2
t._s._eliot,247,72,175,237,10
palladium,26,0,26,26,0
charles_de_gaulle,571,153,418,557,14
antonio_gramsci,29,0,29,26,3
kentucky,8,0,8,8,0
hyperborea,7,0,7,7,0
leprosy,21,0,21,21,0
greg_graffin,4,0,4,4,0
kamadeva,47,0,47,47,0
graphene,307,0,307,291,16
john_quincy_adams,439,159,280,425,14
edgar_allan_poe,324,97,227,314,10
jean_racine,409,192,217,397,12
congress_of_berlin,192,151,41,186,6
der_freischutz,1,0,1,1,0
first_battle_of_bull_run,139,104,35,135,4
phenotype,4,0,4,4,0
scapula,48,17,31,48,0
david_lewis_(philosopher),7,0,7,5,2
functional_programming,6,0,6,6,0
coevolution,6,0,6,6,0
chitin,2,0,2,1,1
john_hay,133,114,19,129,4
guayaquil,6,0,6,6,0
vitus_bering,158,91,67,151,7
rachel_carson,43,0,43,43,0
tuscany,4,0,4,4,0
"mary,_queen_of_scots",167,70,97,157,10
boiling-point_elevation,13,0,13,13,0
dream_of_the_red_chamber,233,185,48,222,11
wheatstone_bridge,4,0,4,4,0
romeo_and_juliet_(tchaikovsky),1,0,1,1,0
alphonse_mucha,1,0,1,1,0
unemployment,119,43,76,116,3
graham_greene,403,138,265,398,5
congo_(bbc_tv_series),6,0,6,6,0
torah,48,0,48,48,0
francis_crick,31,0,31,31,0
dopamine,241,65,176,233,8
scattering,45,0,45,44,1
elk,16,0,16,16,0
bhutan,28,0,28,27,1
elm,18,0,18,18,0
monoclonal_antibody,54,0,54,52,2
children_of_paradise,15,0,15,15,0
elf,62,0,62,61,1
otto_dix,1,0,1,0,1
sargasso_sea,1,0,1,1,0
kelp,6,0,6,5,1
symphony_no._7_(mahler),2,0,2,2,0
alexander_scriabin,5,0,5,5,0
miles_davis,5,0,5,4,1
cardinal_mazarin,64,46,18,60,4
embargo_act_of_1807,132,116,16,128,4
charles_lindbergh,219,55,164,208,11
martin_buber,44,0,44,43,1
cyclic_adenosine_monophosphate,117,76,41,110,7
the_carnival_of_the_animals,1,0,1,1,0
e._o._wilson,17,0,17,15,2
estonian_language,6,0,6,6,0
conformational_isomerism,16,0,16,16,0
violin_sonata_no._9_(beethoven),1,0,1,1,0
antimatter,55,0,55,51,4
agatha_christie,378,73,305,362,16
balearic_islands,13,0,13,13,0
the_grapes_of_wrath,258,158,100,247,11
gulf_of_california,8,0,8,8,0
wars_of_the_roses,352,174,178,340,12
iris_(mythology),12,0,12,12,0
the_closing_of_the_american_mind,9,0,9,8,1
menopause,53,0,53,50,3
imprinting_(psychology),7,0,7,7,0
daniel_defoe,369,138,231,348,21
taiping_rebellion,157,117,40,147,10
equation_of_state,93,0,93,93,0
artemisinin,35,0,35,33,2
benito_cereno,267,248,19,255,12
bovine_immunodeficiency_virus,9,0,9,9,0
genomic_imprinting,23,0,23,22,1
pepin_the_short,126,77,49,122,4
epiphany_(holiday),113,0,113,112,1
just_war_theory,4,0,4,4,0
demarcation_problem,8,0,8,8,0
immune_system,172,0,172,166,6
battle_of_marathon,261,166,95,247,14
ephedrine,15,0,15,14,1
symphony_no._6_(beethoven),2,0,2,2,0
helicobacter_pylori,74,0,74,71,3
spleen,133,101,32,129,4
apatosaurus,4,0,4,3,1
sea_of_azov,16,0,16,16,0
my_last_duchess,103,79,24,97,6
lorenz_curve,2,0,2,2,0
estonia,6,0,6,6,0
gauss's_law,7,0,7,6,1
jacques_marquette,65,40,25,61,4
phoneme,5,0,5,5,0
the_feminine_mystique,8,0,8,7,1
entropy_(statistical_thermodynamics),41,0,41,40,1
annales_school,9,0,9,9,0
lake_chad,1,0,1,1,0
tin,34,0,34,31,3
dead_sea,22,0,22,22,0
gershom_scholem,5,0,5,4,1
elysium,19,0,19,19,0
turnus,7,0,7,7,0
vyasa,67,0,67,65,2
oliver_goldsmith,193,122,71,187,6
the_death_of_marat,1,0,1,1,0
skara_brae,1,0,1,1,0
mossbauer_effect,170,170,0,165,5
arthur_schopenhauer,280,71,209,267,13
edmond_halley,4,0,4,4,0
hildegard_of_bingen,33,0,33,33,0
plasmon,17,0,17,16,1
reynolds_number,147,99,48,146,1
francis_poulenc,1,0,1,1,0
tollens'_reagent,23,0,23,23,0
things_fall_apart,429,255,174,417,12
atahualpa,174,158,16,168,6
bremsstrahlung,7,0,7,6,1
abbas_kiarostami,8,0,8,8,0
frederick_law_olmsted,6,0,6,6,0
ulna,3,0,3,3,0
emperor_penguin,10,0,10,10,0
antiferromagnetism,103,92,11,98,5
leonardo_da_vinci,35,0,35,34,1
deirdre,221,199,22,216,5
robert_henri,4,0,4,4,0
philippines,31,0,31,30,1
abraham_in_islam,25,0,25,25,0
louisiana_purchase,209,116,93,198,11
bahia,9,0,9,8,1
intertropical_convergence_zone,1,0,1,1,0
ixion,15,0,15,15,0
apology_(plato),168,149,19,163,5
lake_winnipeg,2,0,2,2,0
hydrogen_bond,176,125,51,165,11
golden_calf,18,0,18,16,2
lhasa,26,0,26,25,1
vachel_lindsay,126,59,67,117,9
crab_nebula,19,0,19,19,0
gresham's_law,9,0,9,9,0
the_disasters_of_war,13,0,13,12,1
the_communist_manifesto,10,0,10,7,3
kami,52,0,52,50,2
piezoelectricity,227,141,86,217,10
antoine_watteau,1,0,1,1,0
lyme_disease,84,27,57,81,3
dublin,5,0,5,5,0
mauritius,15,0,15,14,1
glacial_river_warren,2,0,2,2,0
resonance,79,0,79,76,3
iron_law_of_wages,2,0,2,2,0
bacterial_conjugation,12,0,12,12,0
william_walker_(filibuster),90,46,44,86,4
henry_vii_of_england,216,118,98,204,12
isle_of_man,13,0,13,12,1
runes,23,0,23,23,0
bayeux_tapestry,18,0,18,18,0
patch_clamp,2,0,2,2,0
athena,623,201,422,613,10
ansel_adams,10,0,10,9,1
edna_st._vincent_millay,85,46,39,81,4
villa_savoye,1,0,1,1,0
maximum_likelihood,7,0,7,7,0
penobscot_river,2,0,2,2,0
great_dismal_swamp,1,0,1,1,0
confucius,45,0,45,44,1
amedeo_avogadro,5,0,5,5,0
world-systems_theory,33,0,33,32,1
iodine,131,0,131,127,4
epoxide,50,0,50,48,2
amazons,175,14,161,168,7
logotherapy,23,0,23,22,1
distillation,129,74,55,122,7
two_concepts_of_liberty,4,0,4,4,0
andromeda_galaxy,22,0,22,22,0
stroke,75,0,75,73,2
pearl_s._buck,156,117,39,149,7
hydrogen,182,0,182,176,6
osmosis,12,0,12,12,0
edward_thorndike,23,0,23,22,1
suez_crisis,508,163,345,489,19
dorr_rebellion,181,172,9,180,1
henry_walter_bates,3,0,3,2,1
thomas_hunt_morgan,21,0,21,19,2
lev_vygotsky,169,94,75,165,4
chemical_shift,16,0,16,16,0
mikhail_lermontov,64,0,64,61,3
endymion_(mythology),6,0,6,6,0
nernst_equation,216,153,63,210,6
zinc_finger,20,0,20,18,2
vanadium,62,0,62,58,4
devi,127,0,127,124,3
a_streetcar_named_desire_(play),141,47,94,139,2
the_importance_of_being_earnest,401,175,226,386,15
odysseus,462,135,327,443,19
auxin,86,0,86,83,3
oceanic_feeling,3,0,3,3,0
estuary,2,0,2,2,0
eris_(mythology),33,0,33,33,0
jawaharlal_nehru,371,199,172,359,12
dance_(nina_girado_song),1,0,1,1,0
peter_and_the_wolf,1,0,1,1,0
apep,10,0,10,10,0
density_matrix,23,0,23,23,0
beowulf_(hero),87,52,35,85,2
daniel_kahneman,7,0,7,7,0
roger_b._taney,163,95,68,158,5
density_functional_theory,35,0,35,33,2
mantle_plume,15,0,15,14,1
discourse_on_the_method,17,0,17,17,0
pharynx,7,0,7,7,0
john_calvin,62,0,62,61,1
wallerian_degeneration,38,0,38,37,1
tzvetan_todorov,1,0,1,1,0
rough_riders,101,74,27,99,2
acetone,6,0,6,6,0
missouri_compromise,133,121,12,128,5
advent,5,0,5,5,0
william_ewart_gladstone,274,68,206,270,4
oratorio,1,0,1,1,0
the_age_of_reason,67,0,67,66,1
alexandre_dumas,6,0,6,6,0
alfred_sisley,1,0,1,1,0
melting_point,31,0,31,30,1
equestrian_statue_of_gattamelata,2,0,2,2,0
tokugawa_shogunate,189,163,26,176,13
salman_rushdie,300,149,151,291,9
a_tale_of_two_cities,364,50,314,350,14
benito_juarez,138,77,61,135,3
developmental_biology,21,0,21,21,0
the_handmaid's_tale,87,13,74,85,2
jane_eyre,746,266,480,727,19
isotope,42,0,42,42,0
battle_of_bannockburn,136,105,31,132,4
methylation,16,0,16,13,3
fashoda_incident,157,148,9,149,8
louis_spohr,1,0,1,1,0
solipsism,65,0,65,64,1
de_rerum_natura,23,0,23,21,2
mohism,20,0,20,19,1
glucagon,50,0,50,49,1
henri_rousseau,1,0,1,1,0
dar_es_salaam,9,0,9,9,0
reductionism,51,0,51,49,2
cybernetics,26,0,26,26,0
ereshkigal,15,0,15,14,1
henry_wadsworth_longfellow,522,149,373,506,16
lord_byron,420,190,230,407,13
angel_falls,3,0,3,3,0
zollverein,10,0,10,9,1
maxwell's_demon,27,0,27,26,1
the_school_of_athens,17,0,17,16,1
hadrian,204,119,85,194,10
circe,75,0,75,73,2
monetary_policy,41,0,41,41,0
oda_nobunaga,206,158,48,199,7
nuclear_shell_model,33,0,33,32,1
mozart_piano_concertos,1,0,1,1,0
science_and_health_with_key_to_the_scriptures,1,0,1,1,0
tempera,2,0,2,2,0
eero_saarinen,1,0,1,1,0
chattahoochee_river,24,0,24,24,0
promethium,25,0,25,25,0
harun_al-rashid,7,0,7,6,1
henry_the_navigator,173,135,38,165,8
iris_(anatomy),26,0,26,24,2
peasants'_revolt,202,95,107,190,12
parallel_postulate,4,0,4,4,0
edward_hopper,6,0,6,6,0
djoser,6,0,6,6,0
stanley_milgram,175,155,20,170,5
influenza_a_virus,21,0,21,21,0
mindanao,34,0,34,32,2
zurvanism,27,0,27,26,1
gideon,2,0,2,2,0
kidnapped_(novel),139,28,111,133,6
benin,9,0,9,9,0
percival_lowell,11,0,11,11,0
malpighian_tubule_system,5,0,5,5,0
farthing_(english_coin),3,0,3,3,0
marcel_duchamp,15,0,15,14,1
virgo_(constellation),4,0,4,4,0
the_republic_(plato),262,102,160,253,9
charles_ives,8,0,8,7,1
nucleolus,83,71,12,77,6
jakarta,20,0,20,19,1
the_phantom_of_the_opera_(1986_musical),5,0,5,5,0
ivanhoe,331,176,155,315,16
panopticon,5,0,5,5,0
dandruff,4,0,4,3,1
cecrops_i,36,0,36,35,1
joseph_haydn,6,0,6,6,0
ernst_ludwig_kirchner,3,0,3,3,0
the_feast_of_the_gods,4,0,4,4,0
hans-georg_gadamer,47,0,47,47,0
book_of_numbers,16,0,16,16,0
turbidity_current,10,0,10,10,0
dowry,53,0,53,52,1
drag_(physics),35,0,35,34,1
yo-yo_ma,1,0,1,1,0
the_garden_of_earthly_delights,83,0,83,81,2
niagara_falls,14,0,14,13,1
small_intestine,105,86,19,100,5
gary_becker,38,0,38,36,2
john_brown_(abolitionist),454,141,313,441,13
absolute_zero,80,0,80,76,4
third_law_of_thermodynamics,26,0,26,26,0
lise_meitner,19,0,19,19,0
cepheid_variable,7,0,7,7,0
rwanda,39,0,39,39,0
niels_bohr,156,88,68,153,3
flow_cytometry,18,0,18,17,1
st._bartholomew's_day_massacre,162,86,76,152,10
anton_webern,1,0,1,1,0
joseph_heller,66,39,27,64,2
diode,85,0,85,80,5
rubaiyat_of_omar_khayyam,5,0,5,5,0
nauru,2,0,2,2,0
cortisol,97,0,97,95,2
article_four_of_the_united_states_constitution,4,0,4,4,0
light_in_august,419,291,128,405,14
young's_modulus,6,0,6,6,0
kinetic_energy,75,0,75,74,1
libya,28,0,28,28,0
jericho,7,0,7,7,0
peptidoglycan,105,79,26,98,7
robinson_annulation,22,0,22,21,1
berry,1,0,1,1,0
le_havre,10,0,10,10,0
gastrulation,10,0,10,10,0
aaron_copland,8,0,8,8,0
the_night_watch,1,0,1,1,0
arius,25,0,25,23,2
carl_rogers,128,87,41,123,5
quinine,8,0,8,7,1
arecibo_observatory,4,0,4,4,0
vilfredo_pareto,62,48,14,59,3
mole_(unit),11,0,11,10,1
antoine_lavoisier,11,0,11,11,0
rub'_al_khali,3,0,3,3,0
kaon,14,0,14,12,2
riboswitch,6,0,6,5,1
liar_paradox,4,0,4,4,0
equilibrium_constant,182,105,77,180,2
la_cenerentola,1,0,1,0,1
rudolf_carnap,10,0,10,10,0
octahedral_molecular_geometry,2,0,2,2,0
simple_harmonic_motion,2,0,2,1,1
bonampak,2,0,2,2,0
book_of_exodus,21,0,21,21,0
author,9,0,9,9,0
ethiopia,287,153,134,278,9
rear_window,4,0,4,4,0
fugitive_slave_laws,96,91,5,93,3
helen_(play),9,0,9,9,0
null_hypothesis,4,0,4,4,0
john_b._watson,145,97,48,142,3
doppler_effect,174,138,36,168,6
sikhism,249,148,101,243,6
albert_ellis,38,0,38,36,2
electromagnetism,70,0,70,68,2
eucalyptus,21,0,21,21,0
pennsylvania,13,0,13,12,1
the_tempest_(giorgione),2,0,2,2,0
sherman_antitrust_act,122,101,21,119,3
d._h._lawrence,700,245,455,680,20
golden_stool,4,0,4,4,0
brisbane,4,0,4,4,0
valmiki,2,0,2,2,0
the_sun_also_rises,393,110,283,385,8
karlheinz_stockhausen,6,0,6,5,1
ceres_(dwarf_planet),12,0,12,11,1
napoleon_iii,854,230,624,826,28
star_formation,14,0,14,12,2
empiricism,68,0,68,66,2
the_guide_for_the_perplexed,173,127,46,167,6
cesare_beccaria,7,0,7,7,0
giffen_good,7,0,7,5,2
henry_cavendish,8,0,8,8,0
holy_grail,23,0,23,23,0
inflation,120,58,62,117,3
edwin_arlington_robinson,177,140,37,171,6
parity_(physics),38,0,38,36,2
barnett_newman,2,0,2,2,0
j._l._austin,4,0,4,4,0
salem_witch_trials,180,80,100,172,8
molly_maguires,218,143,75,216,2
kubla_khan,516,90,426,498,18
a_shropshire_lad,200,151,49,195,5
fatwa,13,0,13,13,0
manuel_puig,66,35,31,63,3
thutmose_i,12,0,12,10,2
greenback_party,140,104,36,134,6
luxembourg,3,0,3,3,0
the_misanthrope,90,67,23,86,4
thomson_scattering,13,0,13,13,0
karl_barth,82,69,13,79,3
emilio_aguinaldo,189,168,21,184,5
hudson_river,20,0,20,20,0
afrikaans,4,0,4,4,0
swan_lake,10,0,10,9,1
arthashastra,9,0,9,9,0
scanning_electron_microscope,47,0,47,46,1
free-electron_laser,15,0,15,14,1
brittany,13,0,13,13,0
hypothalamus,101,48,53,97,4
michael_(archangel),71,0,71,66,5
binary_pulsar,3,0,3,3,0
flocculation,3,0,3,3,0
jane_jacobs,60,0,60,57,3
the_carracci,3,0,3,3,0
penelope,10,0,10,10,0
the_great_gatsby_(2013_film),2,0,2,2,0
cnidaria,107,64,43,105,2
corsica,1,0,1,1,0
thomas_jefferson,699,150,549,673,26
orlando_furioso,156,81,75,149,7
geography_of_azerbaijan,11,0,11,10,1
la_sonnambula,1,0,1,1,0
guillaume_de_machaut,5,0,5,5,0
girolamo_savonarola,198,148,50,191,7
hansel_and_gretel_(opera),4,0,4,3,1
santiago_calatrava,2,0,2,2,0
hermann_emil_fischer,5,0,5,5,0
edmund_spenser,194,154,40,183,11
james_clerk_maxwell,24,0,24,24,0
eniac,5,0,5,5,0
theodor_w._adorno,190,0,190,178,12
circadian_rhythm,40,0,40,38,2
the_planets,3,0,3,3,0
hart_crane,190,76,114,184,6
metastasis,36,0,36,35,1
minneapolis,7,0,7,7,0
lichen,24,0,24,24,0
helicase,79,0,79,74,5
the_house_of_the_seven_gables,168,73,95,162,6
yellow_fever,37,0,37,37,0
francis_xavier,60,0,60,59,1
martin_van_buren,208,91,117,200,8
lethe,6,0,6,6,0
bilirubin,15,0,15,14,1
octavio_paz,246,157,89,236,10
okavango_river,2,0,2,2,0
snell's_law,36,0,36,36,0
newgrange,11,0,11,11,0
babylon,17,0,17,16,1
artemisia_gentileschi,23,0,23,22,1
superconductivity,252,136,116,239,13
tebbe's_reagent,18,0,18,17,1
johann_sebastian_bach,3,0,3,3,0
duino_elegies,187,102,85,183,4
falstaff,160,148,12,150,10
dante_gabriel_rossetti,2,0,2,1,1
angiogenesis,81,0,81,77,4
giacomo_puccini,1,0,1,1,0
assassins,30,0,30,30,0
wozzeck,2,0,2,2,0
phillips_curve,101,42,59,97,4
a._a._milne,184,146,38,180,4
riemann_sphere,9,0,9,8,1
desert_pavement,3,0,3,3,0
major_barbara,163,138,25,155,8
calvin_coolidge,263,92,171,253,10
temporal_lobe,2,0,2,2,0
the_ambassadors_(holbein),1,0,1,1,0
the_master_builder,312,269,43,298,14
giotto,5,0,5,4,1
conspicuous_consumption,3,0,3,2,1
gilbert_n._lewis,47,0,47,45,2
jerome,7,0,7,7,0
magna_carta,226,130,96,217,9
carpal_tunnel_syndrome,17,0,17,17,0
aaron,174,129,45,172,2
the_scapegoat_(painting),1,0,1,1,0
sons_of_liberty,2,0,2,2,0
geography_of_madagascar,19,0,19,18,1
esther,29,0,29,29,0
fallopian_tube,27,0,27,26,1
heme,66,0,66,66,0
arthur_laffer,4,0,4,4,0
hemp,10,0,10,10,0
frank_gehry,7,0,7,7,0
high-performance_liquid_chromatography,72,0,72,66,6
hmong_people,2,0,2,2,0
great_attractor,1,0,1,1,0
telomerase_reverse_transcriptase,25,0,25,23,2
orphism_(art),2,0,2,2,0
olfactory_nerve,9,0,9,8,1
vulcanoid_asteroid,5,0,5,5,0
radial_distribution_function,27,0,27,27,0
marc_chagall,19,0,19,18,1
shahada,2,0,2,2,0
gametophyte,3,0,3,3,0
lucas_critique,1,0,1,1,0
carpathian_mountains,3,0,3,3,0
fugue,5,0,5,4,1
leda_and_the_swan,11,0,11,10,1
dharma_initiative,12,0,12,11,1
ising_model,280,0,280,273,7
the_threepenny_opera,3,0,3,3,0
st._louis,9,0,9,8,1
haemophilia,11,0,11,11,0
venus_flytrap,14,0,14,14,0
who's_afraid_of_virginia_woolf?,269,96,173,260,9
florence,5,0,5,5,0
geoffrey_chaucer,246,151,95,234,12
sisyphus,170,133,37,166,4
cantata,1,0,1,1,0
c._wright_mills,84,50,34,79,5
charles_i_of_england,25,0,25,23,2
minos,356,182,174,342,14
thomas_reid,21,0,21,19,2
oboe,6,0,6,6,0
recombination_(cosmology),4,0,4,4,0
spin_quantum_number,31,0,31,28,3
paradise_lost,227,125,102,216,11
the_iceman_cometh,304,242,62,293,11
the_great_transformation_(book),5,0,5,5,0
pelops,104,0,104,102,2
sedna_(mythology),7,0,7,7,0
icosahedron,11,0,11,11,0
herbie_hancock,4,0,4,3,1
methodism,37,0,37,36,1
logo_(programming_language),4,0,4,4,0
corfu,35,0,35,35,0
raphael_(archangel),4,0,4,4,0
staphylococcus_aureus,33,0,33,31,2
albert_schweitzer,29,0,29,27,2
johannesburg,17,0,17,17,0
vajra,33,0,33,33,0
the_house_of_mirth,201,162,39,195,6
alkaline_earth_metal,24,0,24,21,3
the_alchemist_(play),112,44,68,108,4
wilhelm_wundt,144,131,13,137,7
e._e._cummings,12,0,12,12,0
cadmium,31,0,31,30,1
deep_inelastic_scattering,4,0,4,4,0
charles-valentin_alkan,7,0,7,7,0
the_mind_of_primitive_man,8,0,8,7,1
sea_urchin,55,0,55,53,2
michael_j._s._dewar,1,0,1,1,0
giuseppe_verdi,6,0,6,6,0
gospel_of_mark,19,0,19,17,2
lady_windermere's_fan,247,153,94,236,11
dna_barcoding,3,0,3,3,0
quantum_chromodynamics,94,0,94,89,5
j._r._r._tolkien,127,0,127,126,1
arthur_sullivan,23,0,23,21,2
milton_friedman,160,67,93,152,8
pedro_alvares_cabral,186,47,139,181,5
samuel_von_pufendorf,1,0,1,1,0
jordan_river,1,0,1,1,0
jean_genet,222,126,96,210,12
horse_sacrifice,1,0,1,1,0
book_of_deuteronomy,24,0,24,24,0
gram-negative_bacteria,11,0,11,10,1
hilary_putnam,79,0,79,77,2
abacus,3,0,3,3,0
the_house_of_the_spirits,310,169,141,300,10
king_james_version,22,0,22,22,0
mephisto_waltzes,3,0,3,3,0
maltose,9,0,9,7,2
middlemarch,252,93,159,243,9
tennessee_williams,355,185,170,344,11
the_brothers_karamazov,440,170,270,426,14
nicotine,111,0,111,107,4
isothermal_process,7,0,7,6,1
perpetual_peace,2,0,2,2,0
"yvain,_the_knight_of_the_lion",6,0,6,6,0
stagflation,47,0,47,46,1
margaret_sanger,91,40,51,90,1
alcohol,169,85,84,166,3
stream_of_consciousness_(narrative_mode),8,0,8,8,0
ayn_rand,86,0,86,73,13
tallinn,3,0,3,3,0
cytotoxic_t_cell,16,0,16,16,0
battle_of_antietam,196,91,105,187,9
einstein_on_the_beach,2,0,2,2,0
carl_jung,68,0,68,66,2
hans_holbein_the_younger,17,0,17,17,0
prejudice,53,0,53,51,2
frigg,82,0,82,81,1
van_allen_radiation_belt,8,0,8,8,0
base_(chemistry),6,0,6,6,0
continental_drift,2,0,2,1,1
marquesas_islands,10,0,10,9,1
tlaloc,298,214,84,291,7
double_bass,13,0,13,13,0
social_darwinism,127,0,127,122,5
potential_flow,26,0,26,25,1
temperature,198,0,198,193,5
gamelan,18,0,18,18,0
moab,30,0,30,27,3
esau,8,0,8,8,0
folic_acid,54,0,54,52,2
revolver_(beatles_album),8,0,8,8,0
verdun,138,114,24,132,6
ecuador,40,0,40,35,5
physiocracy,6,0,6,5,1
canossa,68,50,18,62,6
adonis,42,0,42,42,0
everglades,22,0,22,22,0
jack_kerouac,238,76,162,228,10
giovanni_schiaparelli,3,0,3,3,0
pi_backbonding,3,0,3,2,1
lake_titicaca,10,0,10,10,0
dalai_lama,3,0,3,3,0
phagocyte,113,0,113,108,5
mesoderm,18,0,18,18,0
young_british_artists,2,0,2,2,0
freakonomics,4,0,4,4,0
the_merchant_of_venice,235,102,133,229,6
smallpox,33,0,33,32,1
ralph_ellison,157,114,43,153,4
the_agnew_clinic,1,0,1,1,0
catch-22,5,0,5,5,0
james_monroe,303,138,165,290,13
kenzaburo_oe,279,247,32,274,5
charles_lamb,207,134,73,197,10
lamb_shift,10,0,10,8,2
fresco,2,0,2,2,0
yukon_river,6,0,6,5,1
soliton,18,0,18,18,0
polyethylene,23,0,23,20,3
kangchenjunga,2,0,2,2,0
artemis,642,167,475,625,17
radio_telescope,6,0,6,6,0
amerigo_vespucci,149,103,46,145,4
amphibian,97,0,97,93,4
chola_dynasty,46,0,46,45,1
claudius,262,175,87,249,13
ben_shahn,2,0,2,2,0
kosovo,3,0,3,3,0
louis_de_broglie,25,0,25,25,0
great_northern_war,311,155,156,299,12
moses,362,0,362,356,6
michael_faraday,20,0,20,20,0
hiv,150,58,92,146,4
nikolai_gogol,318,149,169,303,15
cd4,5,0,5,3,2
fidel_castro,372,88,284,356,16
war_and_peace,612,121,491,592,20
compiler,3,0,3,3,0
sierra_leone,12,0,12,12,0
huntington's_disease,74,0,74,71,3
xyz_affair,101,85,16,100,1
barr_body,2,0,2,2,0
raman_spectroscopy,64,0,64,62,2
the_comedy_of_errors,106,48,58,99,7
lord_of_the_flies,341,155,186,334,7
upton_sinclair,241,122,119,231,10
a_theory_of_justice,103,69,34,96,7
the_death_of_general_wolfe,3,0,3,3,0
alcubierre_drive,6,0,6,5,1
gertrude_stein,389,181,208,378,11
orisha,6,0,6,6,0
heinrich_schliemann,125,102,23,121,4
vedanta,26,0,26,26,0
yukio_mishima,289,183,106,275,14
trinucleotide_repeat_disorder,22,0,22,21,1
haile_selassie,285,84,201,276,9
against_the_sophists,5,0,5,5,0
attention,58,0,58,57,1
inertia,46,0,46,45,1
claisen_rearrangement,51,39,12,50,1
habeas_corpus,7,0,7,7,0
constructivism_(art),4,0,4,4,0
g_protein-coupled_receptor,144,0,144,138,6
amesha_spenta,12,0,12,12,0
nicomachean_ethics,109,0,109,106,3
"annunciation_(van_eyck,_washington)",2,0,2,2,0
emmanuel_levinas,7,0,7,7,0
tiamat,93,0,93,90,3
wallace_stevens,139,39,100,132,7
java,37,0,37,36,1
the_trial,284,183,101,271,13
androstenedione,6,0,6,6,0
william_holman_hunt,1,0,1,0,1
kinetic_theory,63,0,63,63,0
ernst_gombrich,8,0,8,6,2
maser,9,0,9,9,0
algeria,13,0,13,12,1
john_tyler,494,140,354,476,18
vienna_circle,10,0,10,10,0
demand,18,0,18,17,1
olympus_mons,8,0,8,8,0
gilbert_ryle,130,122,8,124,6
shamash,13,0,13,12,1
george_herbert_mead,43,0,43,40,3
vlasov_equation,6,0,6,6,0
douro,8,0,8,7,1
classical_conditioning,33,0,33,31,2
styx,1,0,1,1,0
zeeman_effect,192,135,57,185,7
mach_number,18,0,18,18,0
austrian_school,83,0,83,78,5
egon_schiele,5,0,5,4,1
"the_general_theory_of_employment,_interest_and_money",36,0,36,35,1
war_of_the_pacific,221,101,120,211,10
robert_andrews_millikan,26,0,26,23,3
boltzmann_equation,69,0,69,69,0
monticello,5,0,5,5,0
benjamin_henry_latrobe,2,0,2,2,0
saccharomyces_cerevisiae,27,0,27,25,2
avicenna,117,0,117,111,6
nullarbor_plain,3,0,3,3,0
lohengrin_(opera),5,0,5,5,0
lake_victoria,20,0,20,20,0
francisco_vasquez_de_coronado,60,29,31,59,1
don_delillo,9,0,9,9,0
pollen,21,0,21,20,1
a_good_man_is_hard_to_find_(short_story),151,90,61,144,7
endoplasmic_reticulum,162,130,32,156,6
glueball,6,0,6,5,1
symphony_no._3_(mahler),2,0,2,2,0
saul_kripke,20,0,20,17,3
omphale,37,0,37,37,0
moses_mendelssohn,32,0,32,31,1
sufism,98,0,98,95,3
alpha_helix,55,0,55,53,2
hiroshima_mon_amour,1,0,1,1,0
the_snow_maiden,2,0,2,2,0
gunter_grass,149,53,96,146,3
intentionality,4,0,4,4,0
cosmological_constant,109,72,37,106,3
geography_of_tanzania,9,0,9,8,1
josiah_willard_gibbs,87,0,87,83,4
clitic,2,0,2,2,0
lake_ontario,17,0,17,17,0
jun'ichiro_tanizaki,498,161,337,479,19
jane_eyre_(character),183,87,96,176,7
the_pilgrim's_progress,44,0,44,44,0
hecuba,28,0,28,28,0
percy_bysshe_shelley,444,53,391,430,14
john_field_(composer),1,0,1,1,0
nairobi,18,0,18,17,1
isaac_bashevis_singer,216,143,73,209,7
amniocentesis,14,0,14,13,1
snake_handling,1,0,1,1,0
pascal's_wager,18,0,18,18,0
charles_stewart_parnell,319,238,81,310,9
stockholm_syndrome,4,0,4,4,0
phenolphthalein,5,0,5,5,0
henri_bergson,323,126,197,312,11
jonathan_swift,279,145,134,262,17
symphony_no._4_(mahler),2,0,2,2,0
osmium,45,0,45,43,2
atlantic_charter,100,87,13,94,6
boltzmann_constant,35,0,35,35,0
il_trovatore,7,0,7,6,1
mount_shasta,2,0,2,2,0
benedict_arnold,267,90,177,259,8
glaucoma,34,0,34,34,0
western_sahara,2,0,2,2,0
lambda_calculus,10,0,10,10,0
gujarat,37,0,37,37,0
popol_vuh,2,0,2,2,0
umberto_eco,205,127,78,198,7
mitosis,47,0,47,45,2
herbert_hoover,438,118,320,419,19
laws_of_thermodynamics,14,0,14,14,0
madagascar,29,0,29,27,2
gamal_abdel_nasser,363,149,214,347,16
j._m._w._turner,6,0,6,6,0
capacitance,127,76,51,117,10
john_steinbeck,467,173,294,451,16
albumin,6,0,6,6,0
vienna,3,0,3,3,0
ferdinand_de_saussure,78,59,19,77,1
beriberi,12,0,12,11,1
potassium,70,0,70,65,5
thomas_pynchon,449,108,341,424,25
santeria,166,166,0,165,1
passover_seder,76,0,76,74,2
matthew_arnold,32,0,32,30,2
price_equation,8,0,8,8,0
penguin,6,0,6,6,0
francium,19,0,19,19,0
point_reyes,6,0,6,5,1
lennard-jones_potential,1,0,1,1,0
guyana,9,0,9,8,1
plotinus,25,0,25,25,0
trobriand_islands,31,0,31,30,1
peter_grimes,5,0,5,5,0
rna_polymerase,14,0,14,12,2
richard_rogers,1,0,1,1,0
epstein-barr_virus,66,66,0,63,3
alfred_l._kroeber,11,0,11,11,0
econometrics,32,0,32,32,0
rosencrantz_and_guildenstern_are_dead,4,0,4,4,0
aaa_proteins,22,0,22,22,0
battle_of_the_bulge,154,44,110,148,6
queequeg,152,137,15,150,2
medina,31,0,31,31,0
silas_marner,252,185,67,238,14
fluorescence,74,0,74,73,1
guru_nanak,125,92,33,125,0
thomas_nagel,41,0,41,40,1
thomas_robert_malthus,15,0,15,13,2
bonus_army,146,125,21,140,6
zebulon_pike,160,115,45,156,4
karma,41,0,41,41,0
the_protestant_ethic_and_the_spirit_of_capitalism,193,156,37,183,10
the_red_badge_of_courage,376,202,174,364,12
un_chien_andalou,5,0,5,5,0
lysosome,152,121,31,145,7
book_of_jeremiah,12,0,12,10,2
torii,7,0,7,7,0
kurtosis,4,0,4,4,0
shanghai,12,0,12,12,0
theo_van_doesburg,4,0,4,4,0
hinduism,213,0,213,210,3
battle_of_ayacucho,173,122,51,163,10
athanasius_of_alexandria,38,0,38,38,0
surfactant,15,0,15,13,2
augustus_saint-gaudens,3,0,3,3,0
death_in_venice,224,130,94,215,9
glutamic_acid,53,0,53,50,3
systemic_lupus_erythematosus,108,0,108,105,3
artery,17,0,17,17,0
gnosticism,152,0,152,147,5
dover_beach,78,56,22,76,2
materialism,32,0,32,31,1
kaddish,11,0,11,11,0
death_and_the_maiden_(film),1,0,1,1,0
christian_science,98,0,98,96,2
euphrates,23,0,23,23,0
the_anatomy_lesson_of_dr._nicolaes_tulp,2,0,2,2,0
ellesmere_island,3,0,3,3,0
geography_of_bulgaria,28,0,28,27,1
acid,36,0,36,34,2
robie_house,5,0,5,5,0
david_bohm,14,0,14,14,0
carthage,236,181,55,224,12
angular_momentum,228,153,75,224,4
somatostatin,9,0,9,7,2
paul_dukas,2,0,2,2,0
pyruvic_acid,19,0,19,18,1
kangaroo,16,0,16,15,1
myosin,36,0,36,34,2
main_(river),1,0,1,1,0
mily_balakirev,6,0,6,6,0
ukraine,11,0,11,10,1
aardvark,26,16,10,25,1
cistercians,10,0,10,9,1
she_stoops_to_conquer,203,121,82,197,6
el_amor_brujo,2,0,2,2,0
doxology,12,0,12,12,0
volt,1,0,1,1,0
sinclair_lewis,279,127,152,265,14
evelyn_waugh,421,106,315,397,24
battle_of_culloden,213,98,115,208,5
pentecost,180,92,88,178,2
creon,17,0,17,17,0
psoriasis,57,0,57,51,6
j._j._thomson,11,0,11,11,0
penis,44,0,44,42,2
petrarch,186,134,52,177,9
the_mikado,7,0,7,7,0
madame_bovary,377,137,240,367,10
alcohol_dehydrogenase,34,0,34,32,2
rio_de_janeiro,13,0,13,13,0
pleiades_(greek_mythology),9,0,9,9,0
marginal_utility,31,0,31,28,3
elegy_written_in_a_country_churchyard,309,94,215,299,10
apollo_11,5,0,5,5,0
mycenae,238,0,238,231,7
quantum_hall_effect,147,127,20,142,5
triptychs_by_francis_bacon,1,0,1,1,0
carl_ditters_von_dittersdorf,1,0,1,1,0
arles,2,0,2,2,0
nestorianism,102,99,3,98,4
hagia_sophia,28,0,28,28,0
epistasis,10,0,10,8,2
carmina_burana_(orff),1,0,1,1,0
jay_treaty,83,64,19,81,2
nabucco,10,0,10,8,2
clovis_culture,5,0,5,5,0
cno_cycle,5,0,5,5,0
uranus_(mythology),29,0,29,29,0
menno_simons,2,0,2,2,0
balder_(comics),52,0,52,52,0
eritrea,9,0,9,9,0
mark_rothko,19,0,19,18,1
manganese,31,0,31,31,0
robert_browning,340,134,206,329,11
doping_(semiconductor),21,0,21,21,0
muzafer_sherif,7,0,7,7,0
camillo_golgi,55,54,1,52,3
thornton_wilder,218,140,78,209,9
penning_trap,11,0,11,11,0
linguistics,64,0,64,64,0
western_australia,12,0,12,12,0
jean-philippe_rameau,2,0,2,2,0
turban,20,0,20,20,0
hopi_language,5,0,5,5,0
agnes_de_mille,1,0,1,1,0
james_tobin,24,0,24,24,0
interstellar_medium,16,0,16,16,0
louis_antoine_de_bougainville,2,0,2,2,0
graviton,15,0,15,14,1
antonio_salieri,7,0,7,7,0
either/or,234,86,148,222,12
battle_of_leyte_gulf,96,40,56,92,4
lepton,73,0,73,67,6
mjolnir_(comics),36,0,36,35,1
anterograde_amnesia,13,0,13,13,0
multiple_realizability,2,0,2,2,0
myelin,12,0,12,11,1
phloem,121,92,29,117,4
four_saints_in_three_acts,1,0,1,1,0
oliver_heaviside,6,0,6,5,1
khmer_empire,173,111,62,163,10
phenylketonuria,25,0,25,23,2
lutheranism,78,0,78,75,3
teapot_dome_scandal,171,144,27,165,6
chinua_achebe,665,158,507,640,25
asclepius,31,0,31,30,1
lorraine_hansberry,181,117,64,174,7
weak_gravitational_lensing,23,0,23,23,0
horace,288,170,118,281,7
winter_palace,18,0,18,18,0
kurt_lewin,33,0,33,33,0
novum_organum,28,0,28,28,0
doomsday_(comics),63,0,63,62,1
photorespiration,44,0,44,42,2
brave_new_world,392,180,212,371,21
tokamak,6,0,6,6,0
ignaz_semmelweis,14,0,14,12,2
edmund_husserl,206,97,109,196,10
albert_bandura,139,106,33,134,5
graves'_disease,30,0,30,28,2
a_passage_to_india,283,188,95,278,5
nicolaus_copernicus,40,0,40,39,1
zipacna,2,0,2,2,0
warren_g._harding,600,109,491,576,24
australopithecus_afarensis,9,0,9,9,0
prayer_for_the_dead,50,0,50,49,1
transistor,37,0,37,35,2
transubstantiation,169,146,23,167,2
battle_of_plassey,234,153,81,230,4
jane_austen,439,189,250,425,14
bismuth,28,0,28,26,2
william_labov,2,0,2,2,0
florida_keys,10,0,10,9,1
thixotropy,2,0,2,2,0
dynamo,2,0,2,2,0
gaius_marius,107,37,70,101,6
paul_klee,4,0,4,3,1
gao_xingjian,313,272,41,300,13
cassiopeia_(constellation),9,0,9,9,0
jean_baudrillard,35,0,35,34,1
holy_trinity_(masaccio),2,0,2,2,0
thomism,115,0,115,113,2
john_t._scopes,60,44,16,59,1
x-ray_computed_tomography,42,0,42,40,2
eskimo_words_for_snow,3,0,3,3,0
bone_morphogenetic_protein_4,72,0,72,68,4
dmitri_shostakovich,16,0,16,15,1
the_prince,79,0,79,76,3
on_the_road,318,115,203,309,9
neutrophil_granulocyte,20,0,20,20,0
epic_of_gilgamesh,522,218,304,506,16
nucleotide,28,0,28,27,1
heart_of_darkness,276,108,168,263,13
monopolistic_competition,5,0,5,5,0
welfare_economics,24,0,24,23,1
leonids,6,0,6,6,0
war_requiem,3,0,3,3,0
white_dwarf,106,0,106,103,3
george_gershwin,5,0,5,5,0
billy_budd,191,108,83,183,8
paul_tillich,36,0,36,36,0
the_little_foxes,201,160,41,192,9
senegal,5,0,5,5,0
the_crying_of_lot_49,222,169,53,209,13
book_of_esther,239,198,41,237,2
pastoral,45,0,45,43,2
lake_superior,23,0,23,23,0
hyman_minsky,11,0,11,11,0
sacramento_river,44,0,44,43,1
karl_marx,217,65,152,206,11
helios,50,0,50,50,0
bryozoa,46,0,46,41,5
clever_hans,3,0,3,3,0
amartya_sen,26,0,26,26,0
yuan_dynasty,341,186,155,326,15
precession,163,130,33,161,2
st._peter's_basilica,24,0,24,24,0
leviathan,9,0,9,9,0
noble_eightfold_path,10,0,10,10,0
enlil,174,147,27,168,6
blastula,10,0,10,10,0
eusociality,7,0,7,7,0
aleutian_islands,5,0,5,5,0
thomas_paine,307,132,175,295,12
bacteriophage,69,32,37,63,6
work_(thermodynamics),98,0,98,93,5
degenerate_art,8,0,8,8,0
ignatius_of_antioch,1,0,1,1,0
music_of_pyotr_ilyich_tchaikovsky,4,0,4,4,0
acne_vulgaris,11,0,11,9,2
sickle-cell_disease,43,0,43,42,1
nuclear_transport,9,0,9,9,0
whale_shark,4,0,4,3,1
arches_national_park,3,0,3,3,0
glacier_national_park_(u.s.),13,0,13,13,0
gian_lorenzo_bernini,3,0,3,2,1
addison's_disease,18,0,18,16,2
coyote,31,0,31,31,0
mythologies_(book),1,0,1,1,0
byzantine_empire,653,214,439,621,32
antioxidant,176,0,176,168,8
gauge_theory,122,0,122,120,2
potassium_channel,12,0,12,12,0
francisco_franco,412,233,179,398,14
phase_space,23,0,23,22,1
gross_national_happiness,6,0,6,6,0
klezmer,4,0,4,4,0
liverpool,12,0,12,11,1
nickel,98,55,43,94,4
william_james,293,194,99,283,10
federated_states_of_micronesia,7,0,7,7,0
jocasta,9,0,9,9,0
egyptian_hieroglyphs,10,0,10,10,0
bipolar_disorder,42,0,42,41,1
vanilla,18,0,18,17,1
zagros_mountains,1,0,1,1,0
quietism_(christian_philosophy),11,0,11,10,1
mannerheim_line,1,0,1,1,0
creusa,24,0,24,22,2
konrad_adenauer,330,106,224,311,19
tartuffe_(mechem),64,35,29,62,2
alfred_marshall,107,69,38,104,3
triangle_shirtwaist_factory_fire,133,120,13,129,4
ribosome,115,57,58,111,4
peloponnese,6,0,6,6,0
buddhism,120,0,120,118,2
guru_arjan,15,0,15,15,0
samson,56,0,56,55,1
hyksos,187,131,56,177,10
parthenon,68,0,68,67,1
shavuot,180,116,64,178,2
gluconeogenesis,48,0,48,44,4
lernaean_hydra,16,0,16,15,1
north_sea,15,0,15,15,0
james_clark_ross,1,0,1,1,0
john_rawls,114,73,41,109,5
mannich_reaction,15,0,15,15,0
carbon_nanotube,145,0,145,139,6
irving_fisher,39,0,39,38,1
platt_amendment,70,43,27,69,1
timbre,3,0,3,3,0
"ducal_palace,_mantua",1,0,1,1,0
perseus,319,73,246,310,9
power_(physics),102,93,9,100,2
germanium,41,0,41,39,2
shikoku,3,0,3,3,0
alfred_north_whitehead,181,0,181,169,12
fresnel_diffraction,11,0,11,10,1
isaiah_berlin,14,0,14,14,0
heart_sutra,18,0,18,17,1
sanskrit,29,0,29,29,0
nation_of_islam,47,0,47,46,1
ashurbanipal,39,0,39,39,0
samuel_taylor_coleridge,364,160,204,350,14
alexander_graham_bell,36,0,36,32,4
rajasthan,34,0,34,34,0
umbilical_cord,46,0,46,45,1
erich_fromm,168,117,51,164,4
miami,18,0,18,17,1
amur_river,11,0,11,11,0
giovanni_boccaccio,170,128,42,165,5
a_farewell_to_arms,140,91,49,138,2
battle_of_austerlitz,199,125,74,188,11
"va,_pensiero",1,0,1,1,0
o_pioneers!,237,153,84,233,4
oneida_community,6,0,6,6,0
indole,20,0,20,19,1
leah,3,0,3,3,0
friedrich_nietzsche,418,150,268,403,15
congress_of_vienna,201,145,56,188,13
tikal,57,0,57,55,2
testosterone,71,0,71,70,1
column,8,0,8,8,0
hammett_equation,21,0,21,19,2
corpus_christi_(feast),11,0,11,11,0
futurism,9,0,9,9,0
weakly_interacting_massive_particles,32,0,32,32,0
stereotype_threat,28,0,28,28,0
sadducees,9,0,9,8,1
christiaan_barnard,2,0,2,1,1
sui_dynasty,5,0,5,5,0
point_mutation,69,0,69,69,0
speciation,9,0,9,9,0
amylase,5,0,5,5,0
arthur_evans,49,0,49,48,1
nazca_culture,12,0,12,12,0
winterreise,1,0,1,1,0
munster,3,0,3,3,0
lysistrata,100,64,36,95,5
geography_of_oman,7,0,7,7,0
sylvia_plath,420,104,316,402,18
scylla,234,222,12,228,6
jack_london,473,69,404,452,21
frantz_fanon,15,0,15,15,0
rickets,4,0,4,4,0
coxey's_army,65,61,4,63,2
essenes,17,0,17,17,0
giorgio_vasari,2,0,2,2,0
carbohydrate,40,0,40,40,0
rankine_cycle,4,0,4,4,0
wavelength,57,0,57,56,1
cmos,19,0,19,18,1
lobotomy,19,0,19,19,0
common_law,32,0,32,32,0
parthenogenesis,33,0,33,32,1
lent,54,0,54,53,1
"pantheon,_rome",26,0,26,26,0
maginot_line,94,82,12,91,3
anselm_kiefer,7,0,7,7,0
geography_of_kyrgyzstan,8,0,8,8,0
piltdown_man,7,0,7,7,0
talmud,43,0,43,42,1
global_cooling,6,0,6,6,0
necrosis,20,0,20,19,1
riboflavin,49,0,49,47,2
mutation_rate,4,0,4,4,0
darwin's_finches,2,0,2,2,0
xenon,149,0,149,141,8
robert_walpole,184,100,84,175,9
