link,allcount,QANTA,IR_Wiki,train,test
xylem,132,105,27,132,0
b-type_main-sequence_star,2,0,2,2,0
chromatic_aberration,9,0,9,9,0
jihad,14,0,14,14,0
aegis,50,0,50,50,0
inca_empire,179,109,70,179,0
cyprus,5,0,5,5,0
lawrence_livermore_national_laboratory,2,0,2,2,0
norovirus,14,0,14,14,0
huitzilopochtli,312,236,76,312,0
yosemite_national_park,15,0,15,15,0
darius_i,264,170,94,264,0
kwashiorkor,15,0,15,15,0
geography_of_thailand,18,0,18,18,0
the_lion_king_(musical),1,0,1,1,0
francis_of_assisi,36,0,36,36,0
eugenics,39,0,39,39,0
uzbekistan,7,0,7,7,0
bose-einstein_condensate,121,121,0,121,0
dieterich_buxtehude,1,0,1,1,0
a_hero_of_our_time,296,195,101,296,0
chloroplast,206,69,137,206,0
giovanni_pierluigi_da_palestrina,3,0,3,3,0
mirage,3,0,3,3,0
sodom_and_gomorrah,19,0,19,19,0
naming_and_necessity,2,0,2,2,0
citric_acid_cycle,137,77,60,137,0
follicle-stimulating_hormone,16,0,16,16,0
libertarian_party_(united_states),20,0,20,20,0
hero,13,0,13,13,0
moksha,74,69,5,74,0
divergence,17,0,17,17,0
hera,749,278,471,749,0
fourteen_points,101,89,12,101,0
cyclopentadiene,4,0,4,4,0
ming_dynasty,352,176,176,352,0
pancreas,157,104,53,157,0
david_(michelangelo),4,0,4,4,0
the_cherry_orchard,336,159,177,336,0
leyden_jar,36,26,10,36,0
lagrangian_point,17,0,17,17,0
trinitrotoluene,14,0,14,14,0
interferon,56,0,56,56,0
paramagnetism,194,132,62,194,0
a._j._ayer,14,0,14,14,0
anna_akhmatova,21,0,21,21,0
cavendish_laboratory,8,0,8,8,0
james_g._blaine,368,121,247,368,0
james_k._polk,283,115,168,283,0
dna,131,0,131,131,0
kellogg-briand_pact,56,40,16,56,0
symphony,1,0,1,1,0
phototropism,6,0,6,6,0
australopithecus_africanus,2,0,2,2,0
glass,66,0,66,66,0
negative_index_metamaterials,72,0,72,72,0
holi,86,0,86,86,0
sakhalin,12,0,12,12,0
the_hollow_men,142,71,71,142,0
fitness_(biology),4,0,4,4,0
alfred_thayer_mahan,3,0,3,3,0
nitric_oxide,132,0,132,132,0
joseph_conrad,960,423,537,960,0
erlking,4,0,4,4,0
measure_for_measure,110,79,31,110,0
primality_test,2,0,2,2,0
georges_clemenceau,161,65,96,161,0
philip_roth,138,68,70,138,0
philipp_melanchthon,55,0,55,55,0
myelin_sheath_gap,32,0,32,32,0
orfeo_ed_euridice,2,0,2,2,0
titanium,141,76,65,141,0
ionization_energy,41,0,41,41,0
rayon,5,0,5,5,0
the_stranger_(novel),3,0,3,3,0
hedda_gabler,303,183,120,303,0
saskatchewan,10,0,10,10,0
tropical_cyclone,41,0,41,41,0
apocrypha,30,0,30,30,0
pantheism,15,0,15,15,0
reye's_syndrome,10,0,10,10,0
helsinki,4,0,4,4,0
superfluid_helium-4,142,0,142,142,0
centriole,7,0,7,7,0
john_jay,189,69,120,189,0
rainer_maria_rilke,301,163,138,301,0
monopsony,19,0,19,19,0
stoicism,152,115,37,152,0
quakers,55,0,55,55,0
demosthenes,30,0,30,30,0
ligand,146,109,37,146,0
finite-state_machine,4,0,4,4,0
ural_mountains,6,0,6,6,0
alzheimer's_disease,65,0,65,65,0
atomic_nucleus,54,0,54,54,0
glycolysis,171,70,101,171,0
filippo_lippi,1,0,1,1,0
lake_of_the_woods,1,0,1,1,0
kevlar,2,0,2,2,0
jacques_offenbach,8,0,8,8,0
murder_on_the_orient_express,18,0,18,18,0
diabetes_mellitus,40,0,40,40,0
jacques-louis_david,82,0,82,82,0
angola,5,0,5,5,0
friedrich_hayek,259,100,159,259,0
eliel_saarinen,1,0,1,1,0
perturbation_theory,54,0,54,54,0
leonard_bernstein,4,0,4,4,0
carbocation,3,0,3,3,0
moses_(michelangelo),14,0,14,14,0
sekhmet,42,0,42,42,0
edward_said,44,0,44,44,0
semiconductor,58,0,58,58,0
phaedo,29,0,29,29,0
scarlet_fever,30,0,30,30,0
book_of_the_dead,43,0,43,43,0
giambattista_vico,1,0,1,1,0
slide_rule,7,0,7,7,0
otto_von_bismarck,509,170,339,509,0
dracula,201,68,133,201,0
chlorine,78,0,78,78,0
jameson_raid,158,150,8,158,0
buster_keaton,13,0,13,13,0
nibelungenlied,86,0,86,86,0
samuel_pierpont_langley,2,0,2,2,0
silicon,67,0,67,67,0
labour_party_(uk),185,71,114,185,0
lie_algebra,5,0,5,5,0
sonogashira_coupling,46,0,46,46,0
quadrupole,12,0,12,12,0
feldspar,2,0,2,2,0
pulsar,31,0,31,31,0
clara_barton,170,107,63,170,0
silent_cry,241,222,19,241,0
marian_anderson,10,0,10,10,0
three_studies_for_figures_at_the_base_of_a_crucifixion,1,0,1,1,0
shirley_jackson,102,60,42,102,0
andrei_rublev_(film),14,0,14,14,0
erikson's_stages_of_psychosocial_development,20,0,20,20,0
undine_(lortzing),2,0,2,2,0
atalanta,302,218,84,302,0
gospel_of_thomas,59,0,59,59,0
sulawesi,4,0,4,4,0
drosophila_melanogaster,56,0,56,56,0
franz_kafka,572,227,345,572,0
alfred_russel_wallace,127,0,127,127,0
olbers'_paradox,8,0,8,8,0
alexander_pope,173,122,51,173,0
federal_emergency_management_agency,5,0,5,5,0
atlas_mountains,1,0,1,1,0
ferroelectricity,57,0,57,57,0
fermionic_condensate,22,0,22,22,0
anthony_van_dyck,8,0,8,8,0
ilmarinen,16,0,16,16,0
harmonic_oscillator,35,0,35,35,0
zeno_of_elea,2,0,2,2,0
cornwall,14,0,14,14,0
alien_and_sedition_acts,108,100,8,108,0
morality,80,0,80,80,0
beyond_the_pleasure_principle,15,0,15,15,0
george_grosz,1,0,1,1,0
otello,6,0,6,6,0
banff_national_park,11,0,11,11,0
cross_of_gold_speech,16,0,16,16,0
oeconomicus,1,0,1,1,0
wild_strawberries_(film),11,0,11,11,0
spiritual_exercises_of_ignatius_of_loyola,1,0,1,1,0
neutron_star,84,0,84,84,0
astarte,36,0,36,36,0
the_road_to_serfdom,48,0,48,48,0
jacquerie,88,67,21,88,0
benedetto_croce,9,0,9,9,0
cupid,107,0,107,107,0
meno,10,0,10,10,0
lepidoptera,47,0,47,47,0
rite_of_passage,2,0,2,2,0
agni,182,141,41,182,0
baruch_spinoza,123,0,123,123,0
robert_lowie,2,0,2,2,0
hard_times,191,89,102,191,0
tungsten,24,0,24,24,0
lactose_intolerance,16,0,16,16,0
lake_michigan,14,0,14,14,0
heracles,547,142,405,547,0
saul,61,0,61,61,0
brachiosaurus,6,0,6,6,0
supply_(economics),7,0,7,7,0
queen_of_sheba,13,0,13,13,0
escape_from_freedom,1,0,1,1,0
crimean_war,359,114,245,359,0
ebro,11,0,11,11,0
john_peter_zenger,69,58,11,69,0
hammond's_postulate,4,0,4,4,0
puck_(a_midsummer_night's_dream),1,0,1,1,0
delphi,90,0,90,90,0
leon_trotsky,298,88,210,298,0
meissner_effect,53,47,6,53,0
david_mamet,7,0,7,7,0
aten,10,0,10,10,0
magnesium,97,53,44,97,0
polaris_(comics),39,0,39,39,0
friedel-crafts_reaction,52,52,0,52,0
safavid_dynasty,312,63,249,312,0
butane,2,0,2,2,0
william_jennings_bryan,281,135,146,281,0
maximilien_de_robespierre,186,102,84,186,0
rossby_wave,6,0,6,6,0
alcuin,3,0,3,3,0
normandy,7,0,7,7,0
philip_ii_of_macedon,87,61,26,87,0
obscenity,7,0,7,7,0
otto_rank,50,0,50,50,0
medulla_oblongata,2,0,2,2,0
kerr_metric,75,0,75,75,0
pregnancy,35,0,35,35,0
hadith,122,120,2,122,0
symphony_no._104_(haydn),1,0,1,1,0
prisoner's_dilemma,21,0,21,21,0
markov_chain,32,0,32,32,0
angkor,50,0,50,50,0
sleipnir,41,0,41,41,0
corpus_luteum,5,0,5,5,0
chile,43,0,43,43,0
huey_long,270,94,176,270,0
pompeii,18,0,18,18,0
essential_amino_acid,6,0,6,6,0
calcium,19,0,19,19,0
alkaloid,35,0,35,35,0
joshua_reynolds,4,0,4,4,0
taqiyya,2,0,2,2,0
demeter,397,295,102,397,0
yggdrasil,34,0,34,34,0
neville_chamberlain,310,127,183,310,0
middletown_studies,7,0,7,7,0
bill_of_attainder,5,0,5,5,0
inferior_good,1,0,1,1,0
george_washington_(houdon),1,0,1,1,0
the_death_of_socrates,3,0,3,3,0
george_b._mcclellan,356,158,198,356,0
immune_tolerance,14,0,14,14,0
gamma-ray_burst,30,0,30,30,0
adrenal_gland,93,79,14,93,0
tishrei,9,0,9,9,0
nervous_conditions,7,0,7,7,0
buddy_rich,1,0,1,1,0
predestination_(calvinism),12,0,12,12,0
lake_kivu,14,0,14,14,0
charles_a._beard,26,0,26,26,0
lady_with_an_ermine,1,0,1,1,0
real_irish_republican_army,2,0,2,2,0
djibouti,12,0,12,12,0
the_return_of_the_native,311,212,99,311,0
transnistria,2,0,2,2,0
georg_wilhelm_friedrich_hegel,299,178,121,299,0
golgi_apparatus,111,92,19,111,0
max_horkheimer,30,0,30,30,0
fortran,4,0,4,4,0
scrotum,1,0,1,1,0
telemachus,39,0,39,39,0
guinevere,32,0,32,32,0
price_discrimination,17,0,17,17,0
hudson's_bay_company,101,52,49,101,0
sarpedon,25,0,25,25,0
oaxaca,41,0,41,41,0
lens_(anatomy),37,0,37,37,0
"toccata_and_fugue_in_d_minor,_bwv_565",2,0,2,2,0
mark_antony,230,140,90,230,0
ghosts_(play),131,83,48,131,0
g._e._m._anscombe,32,0,32,32,0
hmong_customs_and_culture,66,0,66,66,0
trombone,12,0,12,12,0
neutrino,214,63,151,214,0
dark_matter,199,93,106,199,0
pleiades,8,0,8,8,0
sociology,167,0,167,167,0
public_good,22,0,22,22,0
cynicism_(philosophy),24,0,24,24,0
james_buchanan,319,134,185,319,0
noam_chomsky,67,0,67,67,0
syphilis,55,38,17,55,0
lawrence_klein,1,0,1,1,0
brian_boru,41,0,41,41,0
epr_paradox,78,0,78,78,0
bamboo,43,0,43,43,0
body_of_tibia,4,0,4,4,0
benjamin_disraeli,501,197,304,501,0
cytochrome_c,17,0,17,17,0
epicureanism,153,100,53,153,0
leptin,95,0,95,95,0
albany_congress,90,83,7,90,0
pitcairn_islands,7,0,7,7,0
botany_bay,2,0,2,2,0
thermodynamic_activity,59,0,59,59,0
samuel_richardson,212,125,87,212,0
imre_lakatos,42,0,42,42,0
john_henry_(folklore),3,0,3,3,0
golden_legend,1,0,1,1,0
richard_posner,9,0,9,9,0
stanford_prison_experiment,19,0,19,19,0
duodenum,29,0,29,29,0
herbert_spencer,275,112,163,275,0
skin_effect,50,0,50,50,0
simpson_desert,4,0,4,4,0
beatitudes,2,0,2,2,0
anna_freud,8,0,8,8,0
melanin,136,92,44,136,0
tasmania,27,0,27,27,0
meditations_on_first_philosophy,131,79,52,131,0
anton_chekhov,431,165,266,431,0
original_sin,29,0,29,29,0
orion_(constellation),33,0,33,33,0
tilman_riemenschneider,6,0,6,6,0
procyon,2,0,2,2,0
victoria_(australia),6,0,6,6,0
earnshaw's_theorem,14,0,14,14,0
maunder_minimum,1,0,1,1,0
symphony_of_psalms,1,0,1,1,0
the_writing_on_the_wall,8,0,8,8,0
internal_energy,103,0,103,103,0
melanoma,49,0,49,49,0
we_are_the_night_(film),10,0,10,10,0
being_and_nothingness,14,0,14,14,0
cambodia,16,0,16,16,0
upanishads,151,92,59,151,0
lady_macbeth_of_the_mtsensk_district_(opera),2,0,2,2,0
rh_blood_group_system,13,0,13,13,0
sherwood_anderson,221,62,159,221,0
lorentz_transformation,34,0,34,34,0
mahdi,28,0,28,28,0
glycosylation,6,0,6,6,0
pion,21,0,21,21,0
hexokinase,17,0,17,17,0
learned_helplessness,23,0,23,23,0
bruno_latour,52,0,52,52,0
bunraku,2,0,2,2,0
gallbladder,57,51,6,57,0
ajax_(mythology),59,0,59,59,0
syntactic_structures,11,0,11,11,0
laminin,43,0,43,43,0
middle_english,5,0,5,5,0
"the_lion,_the_witch_and_the_wardrobe",21,0,21,21,0
thiol,44,0,44,44,0
lou_dobbs,7,0,7,7,0
"joseph_lister,_1st_baron_lister",6,0,6,6,0
arthur_miller,377,229,148,377,0
civilian_conservation_corps,103,85,18,103,0
homo_habilis,8,0,8,8,0
rationality,12,0,12,12,0
erich_maria_remarque,164,121,43,164,0
alfred_adler,260,166,94,260,0
sonora,54,0,54,54,0
the_third_wave_(toffler),1,0,1,1,0
femur,55,39,16,55,0
indus_river,40,0,40,40,0
book_of_daniel,80,0,80,80,0
orson_welles,28,0,28,28,0
islets_of_langerhans,5,0,5,5,0
william_walton,5,0,5,5,0
norman_rockwell,1,0,1,1,0
pontius_pilate,48,0,48,48,0
compromise_of_1850,135,104,31,135,0
newton's_rings,1,0,1,1,0
horn_of_africa,15,0,15,15,0
decarboxylation,2,0,2,2,0
michael_tippett,12,0,12,12,0
vascular_endothelial_growth_factor,29,0,29,29,0
human_papillomavirus,41,0,41,41,0
ancient_greek,4,0,4,4,0
all_my_sons,442,293,149,442,0
adaptive_optics,7,0,7,7,0
rhodopsin,81,76,5,81,0
etruscan_mythology,21,0,21,21,0
leo_strauss,139,0,139,139,0
beta-lactamase,10,0,10,10,0
francisco_i._madero,111,47,64,111,0
cavalleria_rusticana,1,0,1,1,0
eurystheus,71,0,71,71,0
ferrofluid,35,0,35,35,0
myoglobin,12,0,12,12,0
pryderi,31,0,31,31,0
tierra_del_fuego,3,0,3,3,0
calgary,12,0,12,12,0
william_penn,218,94,124,218,0
gerhard_richter,4,0,4,4,0
henry_l._stimson,121,86,35,121,0
to_the_lighthouse,193,133,60,193,0
oregon,16,0,16,16,0
cystic_fibrosis,167,74,93,167,0
talcott_parsons,385,96,289,385,0
freyja,365,218,147,365,0
the_tribute_money_(masaccio),2,0,2,2,0
dietrich_fischer-dieskau,1,0,1,1,0
pyrenees,4,0,4,4,0
four_quartets,186,146,40,186,0
the_picture_of_dorian_gray,375,228,147,375,0
jan_tinbergen,1,0,1,1,0
feast_of_the_immaculate_conception,2,0,2,2,0
europa_(mythology),83,0,83,83,0
pontiac_(person),33,21,12,33,0
united_nations_general_assembly,2,0,2,2,0
concordat_of_worms,8,0,8,8,0
manichaeism,268,166,102,268,0
grignard_reaction,111,64,47,111,0
electron_capture,12,0,12,12,0
our_town,129,104,25,129,0
magic_(paranormal),196,0,196,196,0
vancouver,16,0,16,16,0
elephant,81,0,81,81,0
erasmus_darwin,10,0,10,10,0
edinburgh,8,0,8,8,0
stephen_vincent_benet,114,55,59,114,0
echidna,2,0,2,2,0
conchobar_mac_nessa,17,0,17,17,0
george_caleb_bingham,2,0,2,2,0
critical_point_(thermodynamics),151,137,14,151,0
leviathan_(book),226,187,39,226,0
santa_fe_trail,5,0,5,5,0
ezra_pound,433,148,285,433,0
gotthold_ephraim_lessing,328,307,21,328,0
hesiod,154,103,51,154,0
han_dynasty,273,83,190,273,0
pernicious_anemia,62,0,62,62,0
book_of_lamentations,10,0,10,10,0
harold_pinter,522,169,353,522,0
gross_domestic_product,30,0,30,30,0
robert_brown_(botanist),3,0,3,3,0
ernest_hemingway,805,208,597,805,0
limbo,26,0,26,26,0
chromatin,25,0,25,25,0
aldehyde,127,47,80,127,0
moment_of_inertia,144,76,68,144,0
cyrus_the_great,244,104,140,244,0
avogadro_constant,59,0,59,59,0
the_rite_of_spring,5,0,5,5,0
word_of_faith,23,0,23,23,0
coagulation,133,79,54,133,0
freyr,69,0,69,69,0
john_vanbrugh,13,0,13,13,0
torsion_spring,10,0,10,10,0
hydrogen_peroxide,112,0,112,112,0
nemean_lion,19,0,19,19,0
honduras,17,0,17,17,0
scythians,35,0,35,35,0
bernadette_soubirous,24,0,24,24,0
venus_de_milo,3,0,3,3,0
john_ruskin,87,0,87,87,0
sawm_of_ramadan,3,0,3,3,0
nominalism,83,76,7,83,0
primavera_(painting),20,0,20,20,0
lagrangian,89,0,89,89,0
symbolic_interactionism,64,0,64,64,0
bragi,28,0,28,28,0
gunnar_myrdal,98,79,19,98,0
induced_stem_cells,95,0,95,95,0
o_captain!_my_captain!,37,20,17,37,0
presbyterianism,8,0,8,8,0
jean_renoir,5,0,5,5,0
bertrand_russell's_views_on_philosophy,97,0,97,97,0
samuel_p._huntington,9,0,9,9,0
dirac_equation,130,0,130,130,0
dialectic_of_enlightenment,4,0,4,4,0
battle_of_shiloh,141,82,59,141,0
emotion,90,0,90,90,0
the_mighty_ducks_(film_series),1,0,1,1,0
washington_crossing_the_delaware,2,0,2,2,0
maillard_reaction,8,0,8,8,0
liminality,77,0,77,77,0
the_golden_bough,158,149,9,158,0
uriel,11,0,11,11,0
the_three-cornered_hat,4,0,4,4,0
quantum_mechanics,189,0,189,189,0
lens_(optics),22,0,22,22,0
richard_neutra,1,0,1,1,0
orpheus_in_the_underworld,5,0,5,5,0
ozymandias,138,101,37,138,0
condensation_reaction,8,0,8,8,0
battle_of_bunker_hill,175,71,104,175,0
giovanni_pico_della_mirandola,3,0,3,3,0
thetis,148,0,148,148,0
meteora,3,0,3,3,0
self-portrait_with_palette_(manet),1,0,1,1,0
samuel_johnson,302,91,211,302,0
maya_lin,1,0,1,1,0
jansenism,12,0,12,12,0
carson_mccullers,92,49,43,92,0
burundi,11,0,11,11,0
emer,3,0,3,3,0
gravity's_rainbow,108,27,81,108,0
leonid_brezhnev,199,126,73,199,0
macular_degeneration,23,0,23,23,0
wynton_marsalis,3,0,3,3,0
long_march,138,99,39,138,0
algarve,3,0,3,3,0
leptis_magna,1,0,1,1,0
ferruccio_busoni,2,0,2,2,0
syllable,9,0,9,9,0
sean_o'casey,213,27,186,213,0
addis_ababa,8,0,8,8,0
andrew_marvell,146,70,76,146,0
solvay_process,9,0,9,9,0
george_armstrong_custer,215,69,146,215,0
romulus_and_remus,341,232,109,341,0
knee,28,0,28,28,0
tyrosine,35,0,35,35,0
thalidomide,7,0,7,7,0
gateway_arch,8,0,8,8,0
maoism,36,0,36,36,0
edward_albee,321,275,46,321,0
the_bald_soprano,260,231,29,260,0
vancouver_island,30,0,30,30,0
shiva,479,244,235,479,0
friction,178,95,83,178,0
magnetic_moment,55,0,55,55,0
knights_of_labor,122,115,7,122,0
pagliacci,2,0,2,2,0
solar_eclipse,12,0,12,12,0
merlin,76,0,76,76,0
actin,243,63,180,243,0
patroclus,71,0,71,71,0
delaware_river,32,0,32,32,0
nova_scotia,7,0,7,7,0
wallace_line,1,0,1,1,0
mikhail_bakunin,55,0,55,55,0
las_meninas,17,0,17,17,0
benjamin_harrison,447,186,261,447,0
krishna,513,156,357,513,0
saliva,15,0,15,15,0
cochlea,110,83,27,110,0
permeability_(electromagnetism),49,0,49,49,0
joseph_schumpeter,49,0,49,49,0
carmelites,16,0,16,16,0
perun,69,0,69,69,0
gout,61,39,22,61,0
silurian,6,0,6,6,0
franz_rosenzweig,1,0,1,1,0
free_soil_party,134,116,18,134,0
oscar_niemeyer,9,0,9,9,0
steve_reich,4,0,4,4,0
dysentery,17,0,17,17,0
von_neumann_architecture,4,0,4,4,0
zoroastrianism,470,302,168,470,0
hymenoptera,1,0,1,1,0
acetic_acid,70,0,70,70,0
elijah,252,0,252,252,0
ontological_argument,91,68,23,91,0
leo_(constellation),5,0,5,5,0
kary_mullis,11,0,11,11,0
marcus_theory,62,0,62,62,0
rhodes,14,0,14,14,0
principia_mathematica,15,0,15,15,0
apis_(god),48,0,48,48,0
clear_and_present_danger,1,0,1,1,0
albigensian_crusade,103,84,19,103,0
on_crimes_and_punishments,2,0,2,2,0
book_of_mormon,200,161,39,200,0
kurt_weill,8,0,8,8,0
hugo_wolf,4,0,4,4,0
pesaro_madonna,1,0,1,1,0
giuseppe_arcimboldo,1,0,1,1,0
heliosphere,8,0,8,8,0
damping,26,0,26,26,0
essays_(montaigne),4,0,4,4,0
black_hole_of_calcutta,58,42,16,58,0
mekong,39,0,39,39,0
photon,284,0,284,284,0
gustav_kirchhoff,2,0,2,2,0
portrait_of_madame_x,4,0,4,4,0
coming_of_age_in_samoa,208,182,26,208,0
cardiac_muscle,15,0,15,15,0
lattice_energy,155,155,0,155,0
monarch_butterfly,16,0,16,16,0
rigveda,152,79,73,152,0
sonoluminescence,27,0,27,27,0
paul_broca,8,0,8,8,0
mensheviks,1,0,1,1,0
the_chrysanthemum_and_the_sword,9,0,9,9,0
day_of_ashura,24,0,24,24,0
snowball_earth,21,0,21,21,0
bronze_age,13,0,13,13,0
de_stijl,1,0,1,1,0
book_of_jonah,23,0,23,23,0
laurence_sterne,198,133,65,198,0
hsab_theory,24,0,24,24,0
sigurd,36,0,36,36,0
battle_of_the_thames,134,103,31,134,0
spanish_civil_war,333,141,192,333,0
south_australia,3,0,3,3,0
yangon,4,0,4,4,0
sibylline_books,4,0,4,4,0
messenger_rna,71,0,71,71,0
wainwright_building,1,0,1,1,0
geneva_bible,3,0,3,3,0
heathcliff_(wuthering_heights),127,76,51,127,0
kalevala_(synopses),159,0,159,159,0
henry_louis_gates,9,0,9,9,0
wandering_jew,31,0,31,31,0
virgin_of_the_rocks,2,0,2,2,0
guernsey,8,0,8,8,0
cologne_cathedral,3,0,3,3,0
eugenio_montale,1,0,1,1,0
muon,71,0,71,71,0
hanseatic_league,216,151,65,216,0
drake_equation,1,0,1,1,0
hades,302,105,197,302,0
gulf_of_fonseca,1,0,1,1,0
frederic_edwin_church,2,0,2,2,0
substance_p,18,0,18,18,0
sagittarius_(constellation),28,20,8,28,0
kerala,26,0,26,26,0
ostend_manifesto,224,195,29,224,0
haskell_(programming_language),1,0,1,1,0
tamburlaine_(play),8,0,8,8,0
theaetetus_(dialogue),20,0,20,20,0
"william_j._brennan,_jr.",3,0,3,3,0
iphigenia,85,0,85,85,0
vinson_massif,3,0,3,3,0
alkali_metal,167,0,167,167,0
edward_sapir,161,87,74,161,0
electron_affinity,16,0,16,16,0
coriolis_effect,190,116,74,190,0
tsunami,14,0,14,14,0
paul_von_hindenburg,220,145,75,220,0
martin_heidegger,277,163,114,277,0
zachary_taylor,292,128,164,292,0
cat_stevens,5,0,5,5,0
birch_reduction,88,68,20,88,0
c-reactive_protein,17,0,17,17,0
tobago,9,0,9,9,0
tuba,6,0,6,6,0
dresden,3,0,3,3,0
pellagra,18,0,18,18,0
robert_nozick,141,128,13,141,0
clavicle,13,0,13,13,0
cabinda_province,1,0,1,1,0
the_dinner_party,5,0,5,5,0
newton's_laws_of_motion,62,0,62,62,0
fructose,84,0,84,84,0
brazil_(1985_film),6,0,6,6,0
proton_decay,12,0,12,12,0
pyrimidine,24,0,24,24,0
seafloor_spreading,5,0,5,5,0
henry_fielding,227,143,84,227,0
peter_abelard,128,97,31,128,0
geography_of_tajikistan,22,0,22,22,0
geography_of_kazakhstan,3,0,3,3,0
gadsden_purchase,175,92,83,175,0
aida,13,0,13,13,0
bernard_of_clairvaux,26,0,26,26,0
a_child_of_our_time,12,0,12,12,0
paul_feyerabend,32,0,32,32,0
elizabeth_cady_stanton,167,104,63,167,0
endosymbiont,21,0,21,21,0
restriction_fragment_length_polymorphism,5,0,5,5,0
vanir,49,0,49,49,0
william_graham_sumner,134,126,8,134,0
monopoly,24,0,24,24,0
lake_van,1,0,1,1,0
hieronymus_bosch,2,0,2,2,0
rust,5,0,5,5,0
coupling_reaction,7,0,7,7,0
wendigo,3,0,3,3,0
astatine,50,0,50,50,0
guru_granth_sahib,27,0,27,27,0
aqua_regia,1,0,1,1,0
elisha,13,0,13,13,0
monoamine_oxidase,5,0,5,5,0
yoga,113,0,113,113,0
phenol,46,0,46,46,0
miriam,15,0,15,15,0
uterus,25,0,25,25,0
nitrous_oxide,43,0,43,43,0
provence,43,0,43,43,0
fifth_force,10,0,10,10,0
georg_philipp_telemann,9,0,9,9,0
kilogram,97,0,97,97,0
daniel_webster,190,63,127,190,0
mass,170,0,170,170,0
adam,21,0,21,21,0
judith_leyster,2,0,2,2,0
influenza,68,0,68,68,0
imagined_communities,1,0,1,1,0
amish,9,0,9,9,0
andhra_pradesh,38,0,38,38,0
ricardian_equivalence,3,0,3,3,0
ahura_mazda,193,171,22,193,0
time_dilation,18,0,18,18,0
mandala,18,0,18,18,0
samuel_beckett,558,224,334,558,0
fanfare_for_the_common_man,1,0,1,1,0
ornette_coleman,4,0,4,4,0
salicylic_acid,24,0,24,24,0
centromere,16,0,16,16,0
ghana,188,144,44,188,0
pieter_bruegel_the_elder,4,0,4,4,0
lynn_margulis,7,0,7,7,0
claude_debussy,7,0,7,7,0
white_nile,19,0,19,19,0
machine_learning,3,0,3,3,0
calcite,2,0,2,2,0
omar_bongo,8,0,8,8,0
compton_scattering,220,144,76,220,0
romare_bearden,15,0,15,15,0
carnivorous_plant,26,0,26,26,0
infrared_spectroscopy,212,115,97,212,0
thirty_years'_war,320,54,266,320,0
orinoco,98,82,16,98,0
poliomyelitis,53,0,53,53,0
jeremy_bentham,137,82,55,137,0
midnight's_children,81,73,8,81,0
equal_rights_amendment,103,62,41,103,0
spin_(physics),312,132,180,312,0
la_traviata,4,0,4,4,0
pidgin,1,0,1,1,0
saul_bellow,335,190,145,335,0
doric_order,1,0,1,1,0
big_dipper,10,0,10,10,0
prion,72,0,72,72,0
geography_of_bosnia_and_herzegovina,1,0,1,1,0
skepticism,7,0,7,7,0
james_abbott_mcneill_whistler,29,0,29,29,0
dna_methylation,49,0,49,49,0
cadmus,317,195,122,317,0
aeschylus,368,182,186,368,0
lyman_series,1,0,1,1,0
new_brunswick,6,0,6,6,0
john_searle,36,0,36,36,0
bay_of_bengal,16,0,16,16,0
the_bartered_bride,8,0,8,8,0
oligopoly,5,0,5,5,0
culhwch_and_olwen,6,0,6,6,0
palladium_(classical_antiquity),25,0,25,25,0
hathor,294,194,100,294,0
rene_descartes,115,115,0,115,0
lady_of_the_lake,33,0,33,33,0
clarence_darrow,189,148,41,189,0
oxytocin,41,0,41,41,0
lake_erie,24,0,24,24,0
krill,6,0,6,6,0
hermes_and_the_infant_dionysus,1,0,1,1,0
"bartleby,_the_scrivener",90,51,39,90,0
malt,5,0,5,5,0
the_queen_of_spades_(opera),2,0,2,2,0
urizen,25,0,25,25,0
nazca_lines,2,0,2,2,0
richard_avedon,2,0,2,2,0
aldous_huxley,333,216,117,333,0
the_consolation_of_philosophy,122,119,3,122,0
andromeda_(constellation),20,0,20,20,0
stonehenge,97,81,16,97,0
lesotho,7,0,7,7,0
chicago_school_(sociology),24,0,24,24,0
panama_canal,6,0,6,6,0
walter_scott,720,152,568,720,0
solomon_asch,61,0,61,61,0
asexual_reproduction,13,0,13,13,0
michel_foucault,55,0,55,55,0
seoul,9,0,9,9,0
leo_tolstoy,501,285,216,501,0
marfan_syndrome,18,0,18,18,0
chirality_(chemistry),22,0,22,22,0
ethics,134,0,134,134,0
eleusinian_mysteries,101,0,101,101,0
isenheim_altarpiece,5,0,5,5,0
tiresias,70,0,70,70,0
baker_v._carr,1,0,1,1,0
great_zimbabwe,91,78,13,91,0
richard_cory,22,14,8,22,0
the_raft_of_the_medusa,12,0,12,12,0
botulism,79,41,38,79,0
symphony_no._2_(mahler),2,0,2,2,0
isaac,15,0,15,15,0
transfiguration_of_jesus,6,0,6,6,0
salamander,33,0,33,33,0
pegasus,78,9,69,78,0
phaedrus_(dialogue),65,0,65,65,0
odin,441,278,163,441,0
balmer_series,17,0,17,17,0
ulster_cycle,8,0,8,8,0
the_dream_of_gerontius,10,0,10,10,0
osiris,142,0,142,142,0
wilfrid_sellars,4,0,4,4,0
genoa,3,0,3,3,0
snake_river,102,53,49,102,0
azerbaijan_(iran),1,0,1,1,0
charon_(mythology),7,0,7,7,0
octet_rule,4,0,4,4,0
rashi,27,0,27,27,0
tahiti,36,0,36,36,0
supercritical_fluid,27,0,27,27,0
penicillin,70,46,24,70,0
raja_raja_chola_i,28,0,28,28,0
coase_theorem,15,0,15,15,0
dorothea_lange,1,0,1,1,0
the_rivals,136,112,24,136,0
chlamydia_(genus),6,0,6,6,0
asgard,22,0,22,22,0
sandro_botticelli,1,0,1,1,0
jeremiah,17,0,17,17,0
booker_t._washington,57,24,33,57,0
medea,180,46,134,180,0
new_jersey,17,0,17,17,0
fine-structure_constant,179,135,44,179,0
hund's_rules,5,0,5,5,0
pandava,77,0,77,77,0
albatross,10,0,10,10,0
adriatic_sea,8,0,8,8,0
bilbao,4,0,4,4,0
karl_mannheim,28,0,28,28,0
brook_farm,101,71,30,101,0
umayyad_caliphate,270,127,143,270,0
nat_turner,11,0,11,11,0
eugene_ionesco,183,99,84,183,0
holden_caulfield,224,151,73,224,0
"anarchy,_state,_and_utopia",123,95,28,123,0
philosophical_skepticism,82,0,82,82,0
raman_scattering,214,134,80,214,0
fasting,110,0,110,110,0
zeus,268,0,268,268,0
centripetal_force,58,0,58,58,0
diffusion,272,141,131,272,0
almagest,4,0,4,4,0
lac_operon,33,0,33,33,0
nelson_mandela,296,98,198,296,0
tertullian,9,0,9,9,0
tissue_(biology),82,0,82,82,0
antarctica,35,0,35,35,0
luzon,26,0,26,26,0
alexander_glazunov,1,0,1,1,0
jared_diamond,4,0,4,4,0
ozonolysis,29,0,29,29,0
willem_de_kooning,1,0,1,1,0
justinian_i,285,128,157,285,0
johann_gottlieb_fichte,206,165,41,206,0
virus,109,0,109,109,0
the_temple_of_the_golden_pavilion,216,141,75,216,0
nirvana,16,0,16,16,0
massacre_of_the_innocents,13,0,13,13,0
lester_b._pearson,133,110,23,133,0
harbin,5,0,5,5,0
aramaic_language,10,0,10,10,0
column_chromatography,14,0,14,14,0
sierra_nevada_(u.s.),14,0,14,14,0
ascanius,12,0,12,12,0
nullification_(u.s._constitution),6,0,6,6,0
evapotranspiration,6,0,6,6,0
un_ballo_in_maschera,3,0,3,3,0
barkhausen_effect,6,0,6,6,0
bay_of_pigs_invasion,189,48,141,189,0
maya_hero_twins,129,0,129,129,0
isambard_kingdom_brunel,7,0,7,7,0
oscar_wilde,682,239,443,682,0
ergot,13,0,13,13,0
srivijaya,20,0,20,20,0
allosteric_regulation,41,0,41,41,0
thoth,332,281,51,332,0
finlandia_hymn,3,0,3,3,0
croatia,3,0,3,3,0
peleus,54,0,54,54,0
simon_magus,29,0,29,29,0
compressibility,7,0,7,7,0
arcturus,6,0,6,6,0
van_de_graaff_generator,9,0,9,9,0
ganesha,331,144,187,331,0
george_stigler,3,0,3,3,0
jean-paul_sartre,22,0,22,22,0
ravana,126,0,126,126,0
availability_heuristic,25,0,25,25,0
al_franken,4,0,4,4,0
dipole,55,0,55,55,0
the_rime_of_the_ancient_mariner,172,92,80,172,0
w._b._yeats,250,0,250,250,0
gaia_hypothesis,40,0,40,40,0
abstract_expressionism,6,0,6,6,0
alasdair_macintyre,18,0,18,18,0
rutherford_b._hayes,410,121,289,410,0
adrenal_gland_disorder,56,0,56,56,0
thor,117,0,117,117,0
animal_farm,186,112,74,186,0
turandot_(busoni),2,0,2,2,0
mardi_gras,8,0,8,8,0
objectivism_(ayn_rand),134,0,134,134,0
manzanar,9,0,9,9,0
max_schmitt_in_a_single_scull,1,0,1,1,0
leto,153,0,153,153,0
county_cork,6,0,6,6,0
gravitational_constant,36,0,36,36,0
fritz_haber,5,0,5,5,0
mercantilism,46,0,46,46,0
lucia_di_lammermoor,3,0,3,3,0
uther_pendragon,17,0,17,17,0
the_well-tempered_clavier,1,0,1,1,0
hardness,6,0,6,6,0
isostasy,3,0,3,3,0
havelock_ellis,6,0,6,6,0
the_love_song_of_j._alfred_prufrock,108,42,66,108,0
alpha_centauri,15,0,15,15,0
blue_ridge_mountains,1,0,1,1,0
muqaddimah,70,0,70,70,0
"anthony_giddens,_baron_giddens",79,0,79,79,0
thomas_cole,1,0,1,1,0
virgil_thomson,1,0,1,1,0
philip_zimbardo,28,0,28,28,0
finnegans_wake,417,54,363,417,0
greenland,8,0,8,8,0
cerebrum,10,0,10,10,0
carlos_fuentes,389,249,140,389,0
metaphysics_(aristotle),26,0,26,26,0
omnipotence,4,0,4,4,0
lincoln_cathedral,9,0,9,9,0
aleppo,21,0,21,21,0
insulin,260,112,148,260,0
mesocyclone,1,0,1,1,0
george_wallace,175,59,116,175,0
allen_ginsberg,359,108,251,359,0
groupthink,16,0,16,16,0
michaelis-menten_kinetics,20,0,20,20,0
annunciation,2,0,2,2,0
cat_on_a_hot_tin_roof,208,154,54,208,0
microcredit,6,0,6,6,0
book_of_joshua,6,0,6,6,0
kabuki,4,0,4,4,0
nature_(essay),1,0,1,1,0
rosetta_stone,77,63,14,77,0
small-world_experiment,20,0,20,20,0
zygmunt_bauman,5,0,5,5,0
gustave_flaubert,196,105,91,196,0
optic_nerve,23,0,23,23,0
camille_pissarro,11,0,11,11,0
falcon,1,0,1,1,0
carlo_gesualdo,3,0,3,3,0
gorgias_(dialogue),24,0,24,24,0
mulholland_drive_(film),73,0,73,73,0
ivan_turgenev,418,260,158,418,0
kalevala,99,0,99,99,0
retrovirus,17,0,17,17,0
hermaphroditus,10,0,10,10,0
deccan_plateau,29,0,29,29,0
mackinac_island,8,0,8,8,0
chordate,4,0,4,4,0
bucharest,5,0,5,5,0
ariel_(the_tempest),16,0,16,16,0
black_panther_party,114,57,57,114,0
grammatology,1,0,1,1,0
hess's_law,9,0,9,9,0
arthur_eddington,37,0,37,37,0
autophagy,72,0,72,72,0
serengeti,4,0,4,4,0
francis_ysidro_edgeworth,7,0,7,7,0
charles_darwin,86,0,86,86,0
guernica_(painting),3,0,3,3,0
actinide,22,0,22,22,0
critical_period,18,0,18,18,0
requiem,18,0,18,18,0
the_rules_of_the_game,2,0,2,2,0
modest_mussorgsky,3,0,3,3,0
scott_joplin,6,0,6,6,0
chartres_cathedral,15,0,15,15,0
rio_de_janeiro_(state),1,0,1,1,0
nosebleed,2,0,2,2,0
melbourne,15,0,15,15,0
melville_j._herskovits,2,0,2,2,0
"camillo_benso,_count_of_cavour",97,56,41,97,0
tobacco_mosaic_virus,2,0,2,2,0
salome_(opera),4,0,4,4,0
charge-coupled_device,41,0,41,41,0
outer_banks,1,0,1,1,0
colorado,28,0,28,28,0
amphitryon,6,0,6,6,0
inti,14,0,14,14,0
john_dewey,217,74,143,217,0
henry_ii_of_france,5,0,5,5,0
great_salt_lake,26,0,26,26,0
parvati,248,0,248,248,0
william_howard_taft,350,141,209,350,0
ptolemy,13,0,13,13,0
jonathan_edwards_(theologian),25,0,25,25,0
peer_gynt,27,0,27,27,0
prostate_cancer,52,0,52,52,0
waggle_dance,2,0,2,2,0
charles_fourier,8,0,8,8,0
the_ghosts_of_versailles,5,0,5,5,0
aegean_sea,4,0,4,4,0
retina,163,96,67,163,0
pair_production,1,0,1,1,0
the_last_temptation_of_christ_(film),7,0,7,7,0
benvenuto_cellini,30,0,30,30,0
ur,18,0,18,18,0
positivism,157,0,157,157,0
nuclear_force,25,0,25,25,0
uranium,82,0,82,82,0
elements_of_the_philosophy_of_right,2,0,2,2,0
scapegoat,9,0,9,9,0
johannes_vermeer,3,0,3,3,0
rabies,31,0,31,31,0
canonization,9,0,9,9,0
elektra_(opera),13,0,13,13,0
utilitarianism,127,0,127,127,0
the_market_for_lemons,5,0,5,5,0
channeled_scablands,1,0,1,1,0
daniel_deronda,158,63,95,158,0
david_garrick,2,0,2,2,0
population_inversion,69,0,69,69,0
a_clockwork_orange,219,115,104,219,0
mircea_eliade,282,0,282,282,0
kennewick_man,11,0,11,11,0
diffraction,138,84,54,138,0
john_c._calhoun,286,159,127,286,0
friedmann_equations,13,0,13,13,0
carl_maria_von_weber,2,0,2,2,0
armadillo,4,0,4,4,0
lake_malawi,99,80,19,99,0
muscular_dystrophy,3,0,3,3,0
theotokos,5,0,5,5,0
the_age_of_innocence,169,135,34,169,0
totem,8,0,8,8,0
cobalt,141,69,72,141,0
amaterasu,8,0,8,8,0
ypres,2,0,2,2,0
anomalous_monism,3,0,3,3,0
students_for_a_democratic_society,7,0,7,7,0
thomas_eakins,18,0,18,18,0
umbriel_(moon),15,0,15,15,0
x-ray_crystallography,191,0,191,191,0
thunderbird_(cryptozoology),3,0,3,3,0
whooping_crane,2,0,2,2,0
henry_moseley,19,0,19,19,0
portuguese_language,8,0,8,8,0
mistletoe,12,0,12,12,0
the_mystery_of_edwin_drood,185,104,81,185,0
isaiah,67,56,11,67,0
eastern_orthodox_church,238,0,238,238,0
archaeopteryx,4,0,4,4,0
credit_mobilier_of_america_scandal,129,78,51,129,0
laminar_flow,3,0,3,3,0
montserrat,3,0,3,3,0
walter_benjamin,35,0,35,35,0
obesity,34,0,34,34,0
night_of_the_long_knives,208,144,64,208,0
rosenhan_experiment,7,0,7,7,0
the_watchtower,4,0,4,4,0
oxford_movement,1,0,1,1,0
nagarjuna,12,0,12,12,0
holy_prepuce,2,0,2,2,0
skylab,6,0,6,6,0
gran_chaco,2,0,2,2,0
stanley_fish,8,0,8,8,0
aaron_burr,388,178,210,388,0
guan_yu,47,0,47,47,0
bromine,70,0,70,70,0
nixon_in_china_(opera),2,0,2,2,0
ghent,1,0,1,1,0
love_in_the_time_of_cholera,233,187,46,233,0
shabbat,39,0,39,39,0
biodiversity,27,0,27,27,0
capital_(economics),6,0,6,6,0
mount_kosciuszko,1,0,1,1,0
john_singleton_copley,15,0,15,15,0
golden_horde,377,164,213,377,0
laffer_curve,88,69,19,88,0
hittites,213,119,94,213,0
thiamine,144,0,144,144,0
dhimmi,14,0,14,14,0
strabo,11,0,11,11,0
anaphase,44,44,0,44,0
guru_gobind_singh,55,0,55,55,0
journey_to_the_west,77,0,77,77,0
te_deum_laudamus_(sullivan),1,0,1,1,0
essequibo_river,1,0,1,1,0
politics_(aristotle),6,0,6,6,0
contact_process,9,0,9,9,0
volpone,153,109,44,153,0
sinners_in_the_hands_of_an_angry_god,50,50,0,50,0
pepsin,34,0,34,34,0
the_swimming_hole,1,0,1,1,0
nitrile,38,0,38,38,0
antichrist,19,0,19,19,0
battle_of_midway,96,39,57,96,0
symphony_no._8_(mahler),12,0,12,12,0
la_gioconda_(opera),2,0,2,2,0
gene_knockout,2,0,2,2,0
hydrolysis,28,0,28,28,0
aniline,35,0,35,35,0
large_intestine,11,0,11,11,0
operant_conditioning,9,0,9,9,0
henry_james,827,175,652,827,0
moons_of_uranus,7,0,7,7,0
the_third_man,3,0,3,3,0
trumpet,3,0,3,3,0
cloud_seeding,11,0,11,11,0
pierre_trudeau,162,64,98,162,0
the_four_seasons_(poussin),1,0,1,1,0
plato,285,97,188,285,0
julius_nyerere,148,126,22,148,0
kenneth_waltz,4,0,4,4,0
ode_to_a_nightingale,210,63,147,210,0
meiosis,127,69,58,127,0
robert_herrick_(poet),99,82,17,99,0
danse_macabre,7,0,7,7,0
old_church_slavonic,7,0,7,7,0
tomato,37,0,37,37,0
suleiman_the_magnificent,258,119,139,258,0
sukkot,126,77,49,126,0
war_of_devolution,139,104,35,139,0
daniel_boone,235,124,111,235,0
houston,6,0,6,6,0
antelope,10,0,10,10,0
liquid_crystal,300,121,179,300,0
mahabharata,172,0,172,172,0
rosa_luxemburg,10,0,10,10,0
zeus_(dc_comics),26,0,26,26,0
triassic,1,0,1,1,0
brahma,146,104,42,146,0
thomas_hart_benton_(politician),118,82,36,118,0
billiards_at_half-past_nine,8,0,8,8,0
battle_of_the_coral_sea,81,28,53,81,0
tezcatlipoca,357,251,106,357,0
tritium,48,0,48,48,0
optical_aberration,38,0,38,38,0
conch_republic,1,0,1,1,0
aspartic_acid,3,0,3,3,0
alkene,169,70,99,169,0
hainan,26,0,26,26,0
romer_v._evans,4,0,4,4,0
triple-alpha_process,14,0,14,14,0
carnot_cycle,6,0,6,6,0
math_fab_mathonwy,25,0,25,25,0
genetic_recombination,25,0,25,25,0
truth,151,0,151,151,0
cinema_novo,3,0,3,3,0
durga,26,0,26,26,0
the_marriage_of_figaro,24,0,24,24,0
potts_model,29,0,29,29,0
ionosphere,61,0,61,61,0
diagnostic_and_statistical_manual_of_mental_disorders,40,0,40,40,0
ivan_pavlov,14,0,14,14,0
northern_territory,3,0,3,3,0
hofmann_elimination,67,67,0,67,0
warren_jeffs,15,0,15,15,0
theodore_dreiser,272,169,103,272,0
thomas_gray,55,30,25,55,0
ludwig_mies_van_der_rohe,2,0,2,2,0
green_river_(colorado_river),22,0,22,22,0
hermann_ebbinghaus,5,0,5,5,0
gibbs_free_energy,220,124,96,220,0
whiskey_ring,63,45,18,63,0
george_wald,6,0,6,6,0
satyajit_ray,8,0,8,8,0
polynices,10,0,10,10,0
gawain,30,0,30,30,0
robert_h._dicke,7,0,7,7,0
pierre-joseph_proudhon,54,0,54,54,0
the_charterhouse_of_parma,285,142,143,285,0
david,64,0,64,64,0
dream_a_little_dream_of_me,1,0,1,1,0
john_maynard_keynes,168,88,80,168,0
william_cullen_bryant,260,193,67,260,0
diethyl_ether,14,0,14,14,0
muhammad,372,82,290,372,0
lolita,532,117,415,532,0
shays'_rebellion,168,105,63,168,0
systems_of_consanguinity_and_affinity_of_the_human_family,7,0,7,7,0
henry_miller,177,122,55,177,0
fatimid_caliphate,9,0,9,9,0
gunpowder_plot,275,114,161,275,0
stomach,155,111,44,155,0
astronomical_unit,6,0,6,6,0
samuel_gompers,112,96,16,112,0
argos,23,0,23,23,0
argon,24,0,24,24,0
crime_and_punishment,492,125,367,492,0
the_undertaker,14,0,14,14,0
fallingwater,2,0,2,2,0
evidence_(law),5,0,5,5,0
steel,18,0,18,18,0
teutonic_knights,305,184,121,305,0
restriction_enzyme,27,0,27,27,0
le_chatelier's_principle,5,0,5,5,0
susanoo,32,0,32,32,0
vanity_fair_(novel),546,193,353,546,0
pellinore,2,0,2,2,0
john_ashbery,5,0,5,5,0
platypus,27,0,27,27,0
mitochondrion,297,92,205,297,0
edward_weston,13,0,13,13,0
cell_nucleus,178,0,178,178,0
hamiltonian_mechanics,32,0,32,32,0
bassoon,7,0,7,7,0
on_the_genealogy_of_morality,25,0,25,25,0
ganges,235,0,235,235,0
hill_sphere,5,0,5,5,0
the_calling_of_st_matthew_(caravaggio),2,0,2,2,0
sirius,39,0,39,39,0
grammatical_aspect,2,0,2,2,0
eucharist,59,0,59,59,0
cell_wall,39,0,39,39,0
flagellation,10,0,10,10,0
cloud_chamber,5,0,5,5,0
radiation_pressure,83,0,83,83,0
seminole_wars,318,110,208,318,0
john_bardeen,22,0,22,22,0
dharma_(buddhism),3,0,3,3,0
wolfgang_amadeus_mozart,5,0,5,5,0
ampere,4,0,4,4,0
painting,16,0,16,16,0
constitution_of_japan,6,0,6,6,0
diels-alder_reaction,73,73,0,73,0
cp_violation,19,0,19,19,0
kalahari_desert,2,0,2,2,0
adenylate_cyclase,21,0,21,21,0
inductor,46,0,46,46,0
william_tell_(opera),9,0,9,9,0
georges_seurat,3,0,3,3,0
twelfth_night,283,178,105,283,0
spliceosome,14,0,14,14,0
proper_motion,7,0,7,7,0
treaty_of_ghent,131,119,12,131,0
technetium,64,0,64,64,0
the_tales_of_hoffmann,5,0,5,5,0
impeachment,6,0,6,6,0
long_day's_journey_into_night,298,204,94,298,0
lake_pontchartrain,3,0,3,3,0
luminosity,19,0,19,19,0
dada,13,0,13,13,0
the_essence_of_christianity,3,0,3,3,0
hosea,2,0,2,2,0
giovanni_bellini,1,0,1,1,0
quantum_harmonic_oscillator,37,0,37,37,0
lysozyme,5,0,5,5,0
anomie,98,86,12,98,0
saint_basil's_cathedral,13,0,13,13,0
mary_wollstonecraft,82,0,82,82,0
legalism_(chinese_philosophy),2,0,2,2,0
carboniferous,5,0,5,5,0
antonio_canova,7,0,7,7,0
wolfgang_pauli,31,0,31,31,0
dualism_(philosophy_of_mind),64,0,64,64,0
methionine,11,0,11,11,0
trilobite,13,0,13,13,0
darius_milhaud,1,0,1,1,0
fluid_mechanics,80,0,80,80,0
sergei_prokofiev,1,0,1,1,0
suryavarman_ii,12,0,12,12,0
aimee_semple_mcpherson,132,0,132,132,0
luddite,139,129,10,139,0
rama,553,249,304,553,0
categorical_imperative,23,0,23,23,0
gran_plot,8,0,8,8,0
carbonyl,16,0,16,16,0
a_connecticut_yankee_in_king_arthur's_court,223,94,129,223,0
ukko,16,0,16,16,0
castor_et_pollux,9,0,9,9,0
mabinogion,3,0,3,3,0
state_of_franklin,64,57,7,64,0
coral_sea_islands,3,0,3,3,0
titan_(moon),69,28,41,69,0
louisiana,19,0,19,19,0
meningitis,53,0,53,53,0
altruism,70,0,70,70,0
tokugawa_ieyasu,199,134,65,199,0
laser,116,0,116,116,0
pierre_gassendi,43,0,43,43,0
zion_national_park,13,0,13,13,0
aesthetics,180,0,180,180,0
atlas_shrugged,55,0,55,55,0
catalan_number,6,0,6,6,0
van_der_waals_force,13,0,13,13,0
manon_lescaut_(puccini),1,0,1,1,0
antigone_(sophocles),229,152,77,229,0
grande_odalisque,1,0,1,1,0
the_raven,285,169,116,285,0
rachel,5,0,5,5,0
perspective_(graphical),20,0,20,20,0
catch_22,195,81,114,195,0
bali,170,109,61,170,0
grover_cleveland,537,165,372,537,0
tristan_da_cunha,4,0,4,4,0
the_ambassadors,182,126,56,182,0
london_equations,9,0,9,9,0
dinah,17,0,17,17,0
great_expectations_(1946_film),1,0,1,1,0
max_stirner,44,0,44,44,0
sperm_whale,38,0,38,38,0
neorealism_(international_relations),1,0,1,1,0
casparian_strip,4,0,4,4,0
wabash_river,28,0,28,28,0
henry_morton_stanley,98,82,16,98,0
igor_stravinsky,11,0,11,11,0
futurama,14,0,14,14,0
nicodemus,2,0,2,2,0
axial_age,6,0,6,6,0
peter_the_great,236,122,114,236,0
beryllium,115,0,115,115,0
julia_kristeva,9,0,9,9,0
zimbabwe,26,0,26,26,0
quantity_theory_of_money,20,0,20,20,0
placenta,126,103,23,126,0
emma,491,276,215,491,0
christopher_wren,18,0,18,18,0
rise_and_fall_of_the_city_of_mahagonny,12,0,12,12,0
all_quiet_on_the_western_front,393,203,190,393,0
porfirio_diaz,146,104,42,146,0
charles_river,3,0,3,3,0
their_eyes_were_watching_god,316,191,125,316,0
cindy_sherman,1,0,1,1,0
dahomey,22,0,22,22,0
non-newtonian_fluid,4,0,4,4,0
mozambique,18,0,18,18,0
james_agee,167,132,35,167,0
third_crusade,229,143,86,229,0
uncertainty_principle,119,0,119,119,0
john_sherman,405,156,249,405,0
charles_sanders_peirce,262,126,136,262,0
utilitarianism_(book),101,91,10,101,0
cellulose,130,98,32,130,0
neurofibromatosis_type_i,11,0,11,11,0
pressure,90,0,90,90,0
second_bank_of_the_united_states,138,115,23,138,0
nicene_creed,14,0,14,14,0
the_decay_of_the_angel,5,0,5,5,0
book_of_kells,16,0,16,16,0
wormwood_(bible),5,0,5,5,0
common_sense,173,0,173,173,0
burma,14,0,14,14,0
frontier_thesis,6,0,6,6,0
cell_membrane,82,0,82,82,0
axon,117,99,18,117,0
mormonism,63,0,63,63,0
channel_islands,1,0,1,1,0
reaction_rate,46,0,46,46,0
hatshepsut,71,0,71,71,0
slovakia,8,0,8,8,0
gravitational_redshift,49,0,49,49,0
carbon_dioxide,91,0,91,91,0
the_count_of_monte_cristo,345,68,277,345,0
cleavage_furrow,10,0,10,10,0
battle_of_kings_mountain,125,99,26,125,0
christopher_columbus,261,88,173,261,0
quinine_total_synthesis,13,0,13,13,0
apollo,632,71,561,632,0
anton_bruckner,3,0,3,3,0
georgia_o'keeffe,12,0,12,12,0
volga_river,16,0,16,16,0
reinforcement,17,0,17,17,0
flux_(metallurgy),16,0,16,16,0
john_coltrane,17,0,17,17,0
baptism,84,0,84,84,0
orange_river,21,0,21,21,0
edward_elgar,15,0,15,15,0
slime_mold,4,0,4,4,0
baffin_island,7,0,7,7,0
aristotle,193,0,193,193,0
walpurgis_night,11,0,11,11,0
tristan_und_isolde,13,0,13,13,0
vitamin_k,200,89,111,200,0
germ_layer,16,0,16,16,0
sharia,38,0,38,38,0
vitamin_c,184,82,102,184,0
vitamin_a,50,0,50,50,0
vitamin_d,63,0,63,63,0
vitamin_e,6,0,6,6,0
geography_of_malawi,7,0,7,7,0
division_of_labour,31,0,31,31,0
fahrenheit_451,28,0,28,28,0
tintoretto,9,0,9,9,0
chemical_potential,230,114,116,230,0
sarah_siddons,5,0,5,5,0
sublime_(philosophy),24,0,24,24,0
benedict_anderson,2,0,2,2,0
the_poverty_of_historicism,3,0,3,3,0
eos,18,0,18,18,0
winnemac_(fictional_u.s._state),1,0,1,1,0
adam_bede_(character),278,74,204,278,0
realism_(international_relations),7,0,7,7,0
pecos_bill,1,0,1,1,0
tower_of_hanoi,5,0,5,5,0
protagoras_(dialogue),13,0,13,13,0
entropy,313,140,173,313,0
crete,32,0,32,32,0
federal_reserve_system,28,0,28,28,0
orpheus,167,0,167,167,0
heraclitus,43,0,43,43,0
faust_(opera),7,0,7,7,0
electron_transport_chain,146,84,62,146,0
roger_williams_(theologian),101,52,49,101,0
jean_cocteau,3,0,3,3,0
captain_marvel_(dc_comics),82,0,82,82,0
jacobus_henricus_van_'t_hoff,3,0,3,3,0
bellerophon,291,207,84,291,0
sunday_in_the_park_with_george,1,0,1,1,0
fafnir,27,0,27,27,0
gulliver's_travels_(miniseries),9,0,9,9,0
"henry_cabot_lodge,_jr.",107,87,20,107,0
growth_hormone,53,0,53,53,0
mughal_empire,176,102,74,176,0
enigma_variations,4,0,4,4,0
cultural_revolution,347,224,123,347,0
triton_(moon),24,6,18,24,0
jamaica,225,151,74,225,0
chagas_disease,26,0,26,26,0
nuclear_binding_energy,104,0,104,104,0
ajax_(sophocles),4,0,4,4,0
battle_of_hastings,226,142,84,226,0
kaliningrad,5,0,5,5,0
meditation,109,0,109,109,0
john_locke,190,104,86,190,0
active_galactic_nucleus,9,0,9,9,0
john_adams_(miniseries),8,0,8,8,0
amun,45,0,45,45,0
petra,20,0,20,20,0
the_feast_in_the_house_of_levi,1,0,1,1,0
chronicle_of_a_death_foretold,184,108,76,184,0
pluto,10,0,10,10,0
bangkok,17,0,17,17,0
weak_interaction,41,0,41,41,0
verbal_behavior,28,0,28,28,0
bruno_bettelheim,142,124,18,142,0
second_temple,28,0,28,28,0
velocity_of_money,1,0,1,1,0
mannerism,9,0,9,9,0
wilhelm_rontgen,7,0,7,7,0
assyria,60,0,60,60,0
mount_fuji,10,0,10,10,0
falstaff_(opera),7,0,7,7,0
younger_dryas,1,0,1,1,0
tydeus,24,0,24,24,0
sarah,68,0,68,68,0
in_the_mood_for_love,4,0,4,4,0
mystical_marriage_of_saint_catherine,5,0,5,5,0
les_huguenots,7,0,7,7,0
anaxagoras,10,0,10,10,0
helmholtz_free_energy,179,135,44,179,0
indiana,9,0,9,9,0
sarah_bernhardt,1,0,1,1,0
gerard_manley_hopkins,135,40,95,135,0
curvature,73,0,73,73,0
democritus,137,108,29,137,0
unam_sanctam,4,0,4,4,0
frederick_jackson_turner,4,0,4,4,0
kabbalah,135,0,135,135,0
edward_hicks,5,0,5,5,0
human_genome_project,8,0,8,8,0
bertolt_brecht,171,54,117,171,0
acetylcholine,151,98,53,151,0
satyagraha,1,0,1,1,0
mansfield_park,281,140,141,281,0
urea,108,0,108,108,0
foot_binding,11,0,11,11,0
franz_boas,299,92,207,299,0
masaccio,4,0,4,4,0
seaborgium,5,0,5,5,0
chiron,69,0,69,69,0
dyson_sphere,9,0,9,9,0
cancer_(constellation),7,0,7,7,0
patella,1,0,1,1,0
aryl_halide,12,0,12,12,0
harry_stack_sullivan,6,0,6,6,0
alpha_particle,32,0,32,32,0
pseudo-dionysius_the_areopagite,15,0,15,15,0
kenneth_arrow,44,33,11,44,0
mackenzie_river,41,0,41,41,0
claude_shannon,8,0,8,8,0
"absalom,_absalom!",196,127,69,196,0
federalist_papers,16,0,16,16,0
herbert_a._simon,57,0,57,57,0
edict_of_nantes,112,83,29,112,0
epinephrine,64,0,64,64,0
ramadan,34,0,34,34,0
medusa,176,95,81,176,0
salmonella,26,0,26,26,0
hypnos,136,84,52,136,0
david_copperfield_(character),284,234,50,284,0
armory_show,3,0,3,3,0
huffman_coding,3,0,3,3,0
candide,650,147,503,650,0
acupuncture,21,0,21,21,0
electra,10,0,10,10,0
stegosaurus,11,0,11,11,0
collagen,146,72,74,146,0
the_rape_of_the_lock,167,113,54,167,0
giacomo_meyerbeer,9,0,9,9,0
thomas_friedman,16,0,16,16,0
james_a._garfield,568,135,433,568,0
zeta_potential,5,0,5,5,0
python_(programming_language),3,0,3,3,0
oxygen,150,0,150,150,0
gini_coefficient,17,0,17,17,0
work_function,45,0,45,45,0
the_glass_menagerie,116,68,48,116,0
mie_scattering,24,0,24,24,0
hooke's_law,140,0,140,140,0
lactic_acid,170,139,31,170,0
battle_of_trenton,184,111,73,184,0
alkane,123,0,123,123,0
divine_right_of_kings,8,0,8,8,0
the_screwtape_letters,2,0,2,2,0
taliesin,146,108,38,146,0
palm_islands,1,0,1,1,0
rem_koolhaas,5,0,5,5,0
critique_of_practical_reason,160,132,28,160,0
binary_star,28,0,28,28,0
british_virgin_islands,7,0,7,7,0
clifford_geertz,167,138,29,167,0
parmenides_(dialogue),2,0,2,2,0
edith_wharton,179,108,71,179,0
max_ernst,5,0,5,5,0
molecular_orbital_theory,156,88,68,156,0
transfer_rna,119,89,30,119,0
david_(donatello),10,0,10,10,0
transketolase,25,0,25,25,0
memristor,78,0,78,78,0
rick_warren,3,0,3,3,0
color_blindness,11,0,11,11,0
kiwi,2,0,2,2,0
interphase,2,0,2,2,0
the_world_as_will_and_representation,27,0,27,27,0
two-dimensional_nuclear_magnetic_resonance_spectroscopy,38,0,38,38,0
bystander_effect,128,94,34,128,0
toronto,7,0,7,7,0
flora_purim,4,0,4,4,0
alfred_dreyfus,127,119,8,127,0
paul_taylor_(choreographer),4,0,4,4,0
dave_brubeck,4,0,4,4,0
vincent_van_gogh,20,0,20,20,0
auger_effect,148,148,0,148,0
horatio_gates,110,83,27,110,0
league_of_nations,405,130,275,405,0
long_island,10,0,10,10,0
galileo_(spacecraft),30,0,30,30,0
elgin_marbles,6,0,6,6,0
executive_privilege,2,0,2,2,0
pilgrimage,17,0,17,17,0
william_henry_harrison,274,88,186,274,0
viscosity,312,181,131,312,0
kwame_nkrumah,180,136,44,180,0
te_deum,3,0,3,3,0
lycidas,169,101,68,169,0
antidepressant,37,0,37,37,0
john_foster_dulles,115,73,42,115,0
efficient-market_hypothesis,25,0,25,25,0
the_plague,330,161,169,330,0
parmenides,201,171,30,201,0
grandma_moses,1,0,1,1,0
lucas_cranach_the_elder,8,0,8,8,0
chester_a._arthur,340,101,239,340,0
madeira,14,0,14,14,0
russell's_paradox,6,0,6,6,0
treaty_of_utrecht,150,138,12,150,0
consciousness,107,0,107,107,0
diomedes,594,218,376,594,0
pictures_at_an_exhibition,1,0,1,1,0
thelonious_monk,2,0,2,2,0
josef_von_sternberg,2,0,2,2,0
earth's_magnetic_field,84,0,84,84,0
personality,2,0,2,2,0
fomalhaut,6,0,6,6,0
samuel_j._tilden,66,59,7,66,0
ambrose_bierce,298,188,110,298,0
heimdallr,221,182,39,221,0
quantum_computer,19,0,19,19,0
the_wedding_at_cana,2,0,2,2,0
henry_hudson,167,110,57,167,0
the_work_of_art_in_the_age_of_mechanical_reproduction,3,0,3,3,0
angry_young_men,3,0,3,3,0
colloid,40,0,40,40,0
darling_river,5,0,5,5,0
abraham_maslow,163,116,47,163,0
jorge_luis_borges,572,107,465,572,0
ludwig_van_beethoven,20,0,20,20,0
erewhon,163,123,40,163,0
earl_warren,187,116,71,187,0
homestead_strike,117,93,24,117,0
common_sense_(pamphlet),8,0,8,8,0
electronvolt,14,0,14,14,0
salt_lake_city,15,0,15,15,0
draco_(constellation),8,0,8,8,0
aral_sea,3,0,3,3,0
metropolis_(1927_film),15,0,15,15,0
transcendentalism,3,0,3,3,0
alexander_kerensky,233,212,21,233,0
i_ching,7,0,7,7,0
snow_country,234,199,35,234,0
agil_paradigm,3,0,3,3,0
dlvo_theory,12,0,12,12,0
orion_(mythology),636,252,384,636,0
emmanuel_chabrier,1,0,1,1,0
carl_philipp_emanuel_bach,1,0,1,1,0
carbene,14,0,14,14,0
stress_(biology),122,0,122,122,0
muhammad_ali_jinnah,305,162,143,305,0
discipline_and_punish,88,71,17,88,0
magnetosphere,4,0,4,4,0
arms_and_the_man,198,161,37,198,0
dian_fossey,137,108,29,137,0
cytochrome_c_oxidase,36,0,36,36,0
hermann_von_helmholtz,2,0,2,2,0
lawrencium,5,0,5,5,0
parthian_empire,382,121,261,382,0
william_wordsworth,260,128,132,260,0
ivan_the_terrible,238,121,117,238,0
"sickle_cell_anemia,_a_molecular_disease",3,0,3,3,0
carbanion,7,0,7,7,0
impromptus_(schubert),3,0,3,3,0
ophelia_(painting),2,0,2,2,0
rna_editing,21,0,21,21,0
columbia_river,136,94,42,136,0
carbonic_anhydrase,82,79,3,82,0
homo_erectus,131,124,7,131,0
loop_quantum_gravity,153,0,153,153,0
threshold_voltage,3,0,3,3,0
persepolis,10,0,10,10,0
mount_kinabalu,5,0,5,5,0
heinrich_hertz,36,0,36,36,0
cold_fusion,42,0,42,42,0
geography_of_ivory_coast,2,0,2,2,0
dagon,16,0,16,16,0
steppenwolf_(novel),105,60,45,105,0
decibel,51,0,51,51,0
gabriela_mistral,140,98,42,140,0
lithium,142,66,76,142,0
pancho_villa,167,75,92,167,0
pierre_corneille,143,115,28,143,0
meistersinger,2,0,2,2,0
chicago_school_of_economics,52,0,52,52,0
hysteresis,174,86,88,174,0
patagonia,51,0,51,51,0
apparent_magnitude,3,0,3,3,0
minkowski_space,7,0,7,7,0
vermont,17,0,17,17,0
myrrha,180,0,180,180,0
haruki_murakami,389,247,142,389,0
yenisei_river,12,0,12,12,0
fermilab,8,0,8,8,0
cisplatin,3,0,3,3,0
kali,171,0,171,171,0
edmonton,17,0,17,17,0
conjugate_variables_(thermodynamics),20,0,20,20,0
brahmaputra_river,13,0,13,13,0
kublai_khan,376,145,231,376,0
die_meistersinger_von_nurnberg,13,0,13,13,0
thyroid,199,100,99,199,0
cervix,14,0,14,14,0
transformer,67,0,67,67,0
sharpless_asymmetric_dihydroxylation,9,0,9,9,0
geography_of_switzerland,30,0,30,30,0
battle_of_caporetto,148,131,17,148,0
xibalba,1,0,1,1,0
phillis_wheatley,132,109,23,132,0
calcium_signaling,10,0,10,10,0
calcium_carbonate,23,0,23,23,0
carboxylic_acid,29,0,29,29,0
david_lloyd_george,300,52,248,300,0
vasco_da_gama,158,62,96,158,0
rip_van_winkle,184,84,100,184,0
gender_trouble,10,0,10,10,0
schenck_v._united_states,48,39,9,48,0
polarization_(waves),228,110,118,228,0
wuthering_heights,407,175,232,407,0
anaerobic_respiration,15,0,15,15,0
peking_man,3,0,3,3,0
denaturation_(biochemistry),2,0,2,2,0
problem_of_induction,7,0,7,7,0
criminology,71,0,71,71,0
emile_zola,111,87,24,111,0
second_boer_war,397,91,306,397,0
central_african_republic,5,0,5,5,0
aeneas,186,112,74,186,0
thomas_hardy,480,226,254,480,0
frame-dragging,28,0,28,28,0
spiro_agnew,116,68,48,116,0
mithra,18,0,18,18,0
colorado_river,45,0,45,45,0
yerevan,12,0,12,12,0
octopus,17,0,17,17,0
the_overcoat,94,73,21,94,0
all_the_king's_men,69,24,45,69,0
tetanus,71,49,22,71,0
magnetic_field,277,80,197,277,0
aubrey_beardsley,2,0,2,2,0
olivier_messiaen,8,0,8,8,0
antonio_de_oliveira_salazar,116,86,30,116,0
john_the_baptist,172,0,172,172,0
schwarzschild_radius,3,0,3,3,0
william_hogarth,7,0,7,7,0
treemonisha,2,0,2,2,0
prince_edward_island,7,0,7,7,0
new_guinea,26,0,26,26,0
kodiak_island,1,0,1,1,0
david_hilbert,33,0,33,33,0
critique_of_judgment,23,0,23,23,0
basilica_of_san_francesco_d'assisi,3,0,3,3,0
first_epistle_to_the_thessalonians,1,0,1,1,0
papal_infallibility,29,0,29,29,0
priam,9,0,9,9,0
gene_conversion,17,0,17,17,0
paris_(mythology),138,0,138,138,0
isis,499,244,255,499,0
prospect_theory,3,0,3,3,0
aldol_reaction,143,57,86,143,0
john_dos_passos,148,51,97,148,0
khnum,12,0,12,12,0
twilight_of_the_idols,6,0,6,6,0
aorta,75,45,30,75,0
ezekiel,12,0,12,12,0
caenorhabditis_elegans,103,79,24,103,0
claes_oldenburg,3,0,3,3,0
bodhisattva,3,0,3,3,0
the_subjection_of_women,2,0,2,2,0
samarkand,5,0,5,5,0
eddy_covariance,1,0,1,1,0
shrine,24,0,24,24,0
dna_replication,35,0,35,35,0
hans_island,1,0,1,1,0
cyclohexane,132,111,21,132,0
ordovician,6,0,6,6,0
the_gift_(book),124,124,0,124,0
haman_(biblical_figure),6,0,6,6,0
jacopo_della_quercia,5,0,5,5,0
alberto_giacometti,1,0,1,1,0
henry_cabot_lodge,153,94,59,153,0
saint_christopher,8,0,8,8,0
the_duchess_of_malfi,416,132,284,416,0
gonorrhea,16,0,16,16,0
el_greco,9,0,9,9,0
solar_wind,22,0,22,22,0
noise_(electronics),34,0,34,34,0
planck_constant,270,0,270,270,0
phosphorescence,3,0,3,3,0
mr._smith_goes_to_washington,1,0,1,1,0
work_(physics),108,0,108,108,0
green_algae,7,0,7,7,0
the_theory_of_moral_sentiments,24,0,24,24,0
idealism,105,0,105,105,0
"cry,_the_beloved_country",201,113,88,201,0
guggenheim_museum_bilbao,1,0,1,1,0
bubonic_plague,11,0,11,11,0
the_theory_of_communicative_action,19,0,19,19,0
monophysitism,4,0,4,4,0
jehovah's_witnesses,84,0,84,84,0
louis_daguerre,1,0,1,1,0
an_american_tragedy,156,111,45,156,0
on_liberty,59,0,59,59,0
stanley_kubrick,42,0,42,42,0
ezra,8,0,8,8,0
linus_pauling,75,0,75,75,0
aaron's_rod,13,0,13,13,0
psycholinguistics,5,0,5,5,0
comparative_advantage,98,81,17,98,0
black_body,45,0,45,45,0
george_gamow,30,0,30,30,0
giacomo_leopardi,40,0,40,40,0
battle_of_salamis,186,104,82,186,0
symphony_in_d_minor_(bruckner),1,0,1,1,0
johann_wolfgang_von_goethe,452,148,304,452,0
dawes_plan,67,52,15,67,0
little_albert_experiment,12,0,12,12,0
parkinson's_disease,64,0,64,64,0
ebola_virus,1,0,1,1,0
madonna_of_chancellor_rolin,1,0,1,1,0
margaret_atwood,222,143,79,222,0
herbert_marcuse,64,0,64,64,0
strontium,29,0,29,29,0
dubliners,92,68,24,92,0
mapp_v._ohio,32,28,4,32,0
winslow_homer,7,0,7,7,0
boxer_rebellion,330,117,213,330,0
yemen,27,0,27,27,0
anti-masonic_party,126,116,10,126,0
tasmanian_devil,41,0,41,41,0
montreal,7,0,7,7,0
mount_whitney,1,0,1,1,0
l'orfeo,16,0,16,16,0
activation_energy,12,0,12,12,0
adolf_hitler,430,124,306,430,0
triple_point,8,0,8,8,0
livy,4,0,4,4,0
igbo_people,58,0,58,58,0
charles_dickens,512,137,375,512,0
madelung_constant,2,0,2,2,0
driftless_area,25,0,25,25,0
gustav_fechner,6,0,6,6,0
caroline_affair,108,103,5,108,0
as_you_like_it,206,92,114,206,0
rogier_van_der_weyden,2,0,2,2,0
zirconium,25,0,25,25,0
les_demoiselles_d'avignon,5,0,5,5,0
wien's_displacement_law,19,0,19,19,0
arabidopsis_thaliana,25,0,25,25,0
heart,65,0,65,65,0
black_hawk_war,268,147,121,268,0
gymnosperm,3,0,3,3,0
galen,53,0,53,53,0
gehenna,9,0,9,9,0
dante_alighieri,164,87,77,164,0
battle_of_actium,163,118,45,163,0
ahab,113,104,9,113,0
dialysis,8,0,8,8,0
karl_popper,204,58,146,204,0
nihilism,98,0,98,98,0
kullervo,6,0,6,6,0
uric_acid,39,0,39,39,0
kamakura_shogunate,110,91,19,110,0
nanook_of_the_north,2,0,2,2,0
otto_hahn,36,0,36,36,0
magnetic_flux,8,0,8,8,0
corona,71,0,71,71,0
deconstruction,142,0,142,142,0
siena_cathedral,12,0,12,12,0
palm_sunday,28,0,28,28,0
nitrogen,109,0,109,109,0
ruslan_and_lyudmila_(opera),8,0,8,8,0
bipolar_junction_transistor,35,0,35,35,0
the_magic_mountain,222,75,147,222,0
dead_souls,127,72,55,127,0
nitric_acid,148,88,60,148,0
toru_takemitsu,6,0,6,6,0
hydrogenation,63,0,63,63,0
seagram_building,1,0,1,1,0
the_burial_of_the_count_of_orgaz,1,0,1,1,0
filippino_lippi,1,0,1,1,0
yama,91,0,91,91,0
a_sunday_afternoon_on_the_island_of_la_grande_jatte,1,0,1,1,0
corpus_callosum,51,45,6,51,0
solubility,87,0,87,87,0
philoctetes,30,0,30,30,0
liberal_paradox,5,0,5,5,0
terry_riley,1,0,1,1,0
marcel_proust,164,98,66,164,0
concerto,4,0,4,4,0
the_concept_of_law,2,0,2,2,0
anthony_burgess,307,100,207,307,0
eugene_o'neill,381,238,143,381,0
john_cage,27,0,27,27,0
santa_catalina_mountains,1,0,1,1,0
langston_hughes,369,170,199,369,0
ambrose_burnside,248,203,45,248,0
stockholm,5,0,5,5,0
nematode,45,0,45,45,0
barry_goldwater,225,114,111,225,0
richard_wagner,44,0,44,44,0
cairo,11,0,11,11,0
anubis,27,0,27,27,0
pareto_efficiency,8,0,8,8,0
ghrelin,41,0,41,41,0
vendidad,9,0,9,9,0
nicolaou_taxol_total_synthesis,26,0,26,26,0
the_seagull,423,313,110,423,0
songs_without_words,1,0,1,1,0
bioko,1,0,1,1,0
pale_fire,168,127,41,168,0
the_art_of_fugue,7,0,7,7,0
sister_carrie,198,135,63,198,0
consumer_price_index,10,0,10,10,0
existentialism,188,0,188,188,0
wassily_kandinsky,13,0,13,13,0
quark,73,0,73,73,0
conservative_judaism,14,0,14,14,0
palazzo_pitti,4,0,4,4,0
public_sphere,9,0,9,9,0
sublimation_(phase_transition),4,0,4,4,0
imhotep,17,0,17,17,0
amino_acid,169,0,169,169,0
magnetic_potential,19,0,19,19,0
lady_gaga,21,0,21,21,0
toulouse,1,0,1,1,0
the_nightingale_(fairy_tale),3,0,3,3,0
jean-baptiste-camille_corot,6,0,6,6,0
myasthenia_gravis,7,0,7,7,0
pittsburgh,22,0,22,22,0
stephen_langton,1,0,1,1,0
on_the_jewish_question,30,0,30,30,0
prometheus,212,0,212,212,0
marvin_harris,13,0,13,13,0
uracil,108,83,25,108,0
baldr,256,200,56,256,0
semantics,6,0,6,6,0
robert_frost,402,167,235,402,0
entropy_(information_theory),46,0,46,46,0
andreas_vesalius,9,0,9,9,0
bronislaw_malinowski,163,163,0,163,0
photosynthesis,194,63,131,194,0
hydrogen_bond_catalysis,57,0,57,57,0
chlorophyll,32,0,32,32,0
loki,624,261,363,624,0
lascaux,3,0,3,3,0
gingivitis,3,0,3,3,0
lake_tanganyika,83,64,19,83,0
samuel_pepys,37,0,37,37,0
kvasir,11,0,11,11,0
fomorians,25,0,25,25,0
gangrene,11,0,11,11,0
great_leap_forward,9,0,9,9,0
olmec,24,0,24,24,0
angkor_wat,52,0,52,52,0
shark,41,0,41,41,0
the_phenomenology_of_spirit,245,149,96,245,0
reichstag_building,1,0,1,1,0
hydrogen_cyanide,17,0,17,17,0
the_turn_of_the_screw,245,174,71,245,0
timaeus_(dialogue),9,0,9,9,0
george_akerlof,3,0,3,3,0
f._scott_fitzgerald,370,149,221,370,0
tooth,16,0,16,16,0
abraham,127,0,127,127,0
light-emitting_diode,67,0,67,67,0
fourth_crusade,222,83,139,222,0
donatism,62,57,5,62,0
lateran_treaty,162,151,11,162,0
balthus,3,0,3,3,0
ariadne_auf_naxos,3,0,3,3,0
samhain,83,0,83,83,0
maine,168,91,77,168,0
proxima_centauri,17,0,17,17,0
george_orwell,590,114,476,590,0
cannon,7,0,7,7,0
samuel,194,183,11,194,0
oklahoma!,5,0,5,5,0
an_american_dilemma,1,0,1,1,0
canadian_shield,1,0,1,1,0
pietro_da_cortona,4,0,4,4,0
pamir_mountains,1,0,1,1,0
overtures_by_hector_berlioz,1,0,1,1,0
etching_(microfabrication),7,0,7,7,0
wallonia,3,0,3,3,0
"arthur_wellesley,_1st_duke_of_wellington",354,75,279,354,0
howards_end,382,309,73,382,0
limpopo_river,8,0,8,8,0
zebrafish,22,0,22,22,0
posttraumatic_stress_disorder,52,0,52,52,0
quantum_entanglement,57,0,57,57,0
chaperone_(protein),15,0,15,15,0
snowy_mountains,1,0,1,1,0
hajj,219,191,28,219,0
tooth_enamel,54,0,54,54,0
lupercalia,5,0,5,5,0
kisangani,26,0,26,26,0
arkansas_river,19,0,19,19,0
hull_house,100,82,18,100,0
louis_kahn,7,0,7,7,0
pure_land_buddhism,14,0,14,14,0
ptah,264,239,25,264,0
immaculate_conception,16,0,16,16,0
amine,109,57,52,109,0
hercules_(constellation),11,0,11,11,0
green_fluorescent_protein,90,68,22,90,0
neurogenesis,6,0,6,6,0
oder,3,0,3,3,0
james_baldwin,5,0,5,5,0
the_sound_and_the_fury,284,149,135,284,0
henry_clay,249,86,163,249,0
information_asymmetry,2,0,2,2,0
the_birth_of_tragedy,25,0,25,25,0
chaos_theory,44,0,44,44,0
sediment_transport,58,0,58,58,0
monadology,1,0,1,1,0
photosystem_ii,22,0,22,22,0
seven_against_thebes,3,0,3,3,0
maurice_merleau-ponty,16,0,16,16,0
andaman_islands,14,0,14,14,0
pergamon_altar,116,0,116,116,0
vagueness,2,0,2,2,0
bhagavad_gita,64,0,64,64,0
celts,38,0,38,38,0
uriah_the_hittite,8,0,8,8,0
action_at_a_distance,10,0,10,10,0
the_sickness_unto_death,135,132,3,135,0
polymer,122,0,122,122,0
the_deposition_(raphael),4,0,4,4,0
topoisomerase,2,0,2,2,0
fuel_cell,34,0,34,34,0
dative_case,1,0,1,1,0
khalsa,32,0,32,32,0
helium,138,0,138,138,0
henry_david_thoreau,220,140,80,220,0
ubiquitin,102,0,102,102,0
saint_stephen,8,0,8,8,0
speed_of_sound,176,0,176,176,0
glengarry_glen_ross,83,51,32,83,0
paolo_veronese,8,0,8,8,0
dining_philosophers_problem,1,0,1,1,0
zyklon_b,1,0,1,1,0
"nude_descending_a_staircase,_no._2",1,0,1,1,0
american_gothic,1,0,1,1,0
valence_band,1,0,1,1,0
marcus_garvey,221,133,88,221,0
fruit,20,0,20,20,0
lewis_carroll,144,58,86,144,0
carl_sandburg,115,84,31,115,0
roger_casement,9,0,9,9,0
poetics_(aristotle),3,0,3,3,0
glomerulus,9,0,9,9,0
chemotaxis,51,0,51,51,0
neon,7,0,7,7,0
emile_durkheim,102,102,0,102,0
taklamakan_desert,4,0,4,4,0
werner_herzog,9,0,9,9,0
momentum,366,144,222,366,0
allan_bloom,77,0,77,77,0
the_library_of_babel,4,0,4,4,0
battle_of_chancellorsville,243,138,105,243,0
la_brea_tar_pits,7,0,7,7,0
kepler's_laws_of_planetary_motion,7,0,7,7,0
debye_model,39,0,39,39,0
the_imitation_of_christ,13,0,13,13,0
gas_chromatography,42,0,42,42,0
weaving_(mythology),63,0,63,63,0
goldberg_variations,2,0,2,2,0
boston_massacre,139,81,58,139,0
book_of_isaiah,15,0,15,15,0
beyond_freedom_and_dignity,3,0,3,3,0
jude_the_obscure,232,170,62,232,0
hepatitis,65,0,65,65,0
uncle_tom's_cabin,384,64,320,384,0
cherenkov_radiation,206,136,70,206,0
richard_wright_(author),268,97,171,268,0
judy_chicago,5,0,5,5,0
wheat,10,0,10,10,0
jusepe_de_ribera,1,0,1,1,0
seine,1,0,1,1,0
waldensians,13,0,13,13,0
in_a_different_voice,1,0,1,1,0
xanthophyll,5,0,5,5,0
stimulated_emission,67,0,67,67,0
ontology,38,0,38,38,0
rosh_hashanah,171,98,73,171,0
hadron,11,0,11,11,0
aphrodite,298,0,298,298,0
ethan_frome,269,153,116,269,0
ideology,54,0,54,54,0
acts_of_the_apostles,174,69,105,174,0
roche_limit,31,0,31,31,0
antibody,215,122,93,215,0
bantustan,1,0,1,1,0
st_matthew_passion,2,0,2,2,0
redshift,240,100,140,240,0
mark_the_evangelist,4,0,4,4,0
the_village_(the_prisoner),5,0,5,5,0
indira_gandhi,215,100,115,215,0
reinhold_niebuhr,41,0,41,41,0
ares,358,220,138,358,0
costa_rica,16,0,16,16,0
eros_and_civilization,2,0,2,2,0
miguel_angel_asturias,114,36,78,114,0
colon_(anatomy),29,0,29,29,0
a_dance_to_the_music_of_time_(painting),1,0,1,1,0
lymph,5,0,5,5,0
groundwork_of_the_metaphysic_of_morals,45,0,45,45,0
aneurysm,14,0,14,14,0
mobutu_sese_seko,230,113,117,230,0
prague_spring,143,100,43,143,0
mahavira,15,0,15,15,0
stigmata,56,42,14,56,0
nero,249,131,118,249,0
michael_reaction,18,0,18,18,0
chemical_equilibrium,51,0,51,51,0
james_fenimore_cooper,230,115,115,230,0
irrawaddy_river,124,78,46,124,0
charles_bulfinch,1,0,1,1,0
casey_at_the_bat,1,0,1,1,0
messiah_(handel),10,0,10,10,0
hector_berlioz,14,0,14,14,0
l'incoronazione_di_poppea,5,0,5,5,0
mikhail_glinka,4,0,4,4,0
queensland,10,0,10,10,0
spem_in_alium,2,0,2,2,0
titration,71,56,15,71,0
cosmological_argument,5,0,5,5,0
genghis_khan,396,135,261,396,0
miss_julie,239,170,69,239,0
vorticity,156,99,57,156,0
cosmic_background_explorer,10,0,10,10,0
month,1,0,1,1,0
the_heart_is_a_lonely_hunter,94,64,30,94,0
nitroglycerin,28,0,28,28,0
alfred_stieglitz,2,0,2,2,0
cincinnati,10,0,10,10,0
inflation_(cosmology),119,0,119,119,0
osteoporosis,17,0,17,17,0
rickettsia,3,0,3,3,0
dot_product,9,0,9,9,0
auckland,10,0,10,10,0
atacama_desert,90,73,17,90,0
wyoming,18,0,18,18,0
trireme,10,0,10,10,0
hyperthermia,8,0,8,8,0
grand_jury,7,0,7,7,0
surya,73,0,73,73,0
cytokinesis,18,0,18,18,0
three_sisters_(play),158,100,58,158,0
ulysses_s._grant,772,109,663,772,0
apoptosis,216,78,138,216,0
the_merry_widow,2,0,2,2,0
inelastic_collision,7,0,7,7,0
thomas_nast,98,69,29,98,0
phnom_penh,25,0,25,25,0
w._h._auden,233,106,127,233,0
henri_matisse,3,0,3,3,0
wu_experiment,10,0,10,10,0
lazio,9,0,9,9,0
nuclear_magnetic_resonance_spectroscopy,87,0,87,87,0
uqbar,1,0,1,1,0
neoprene,2,0,2,2,0
treasure_island,123,43,80,123,0
project_mercury,6,0,6,6,0
oskar_kokoschka,1,0,1,1,0
marshall_mcluhan,89,4,85,89,0
lewis_cass,170,146,24,170,0
actaeon,16,0,16,16,0
my_antonia,263,61,202,263,0
karna,76,0,76,76,0
alexander_hamilton,505,87,418,505,0
conjunctivitis,8,0,8,8,0
antonio_lopez_de_santa_anna,495,94,401,495,0
a._e._housman,201,121,80,201,0
deborah,5,0,5,5,0
iran,15,0,15,15,0
synchrotron_radiation,30,0,30,30,0
herman_melville,375,107,268,375,0
simon_kuznets,48,0,48,48,0
ragtime,2,0,2,2,0
acadia,11,0,11,11,0
belize,23,0,23,23,0
solar_flare,14,0,14,14,0
displacement_current,35,0,35,35,0
nicias,10,0,10,10,0
the_history_of_sexuality,13,0,13,13,0
vasopressin,45,0,45,45,0
hokusai,7,0,7,7,0
thomas_hobbes,193,119,74,193,0
lagos,8,0,8,8,0
felix_mendelssohn,4,0,4,4,0
falun_gong,70,0,70,70,0
parathyroid_gland,26,0,26,26,0
john_stuart_mill,212,110,102,212,0
sita,97,0,97,97,0
sugar_beet,4,0,4,4,0
semiramide,7,0,7,7,0
notes_from_underground,168,118,50,168,0
the_four_stages_of_cruelty,2,0,2,2,0
caspian_sea,27,0,27,27,0
anna_o.,8,0,8,8,0
sigrid_undset,307,251,56,307,0
reification_(marxism),2,0,2,2,0
gestalt_psychology,22,0,22,22,0
h._g._wells,326,79,247,326,0
nautilus,11,0,11,11,0
sigmund_freud,195,0,195,195,0
the_kallikak_family,2,0,2,2,0
rydberg_constant,14,0,14,14,0
species,31,0,31,31,0
nebuchadnezzar_ii,55,0,55,55,0
second_law_of_thermodynamics,206,95,111,206,0
body_mass_index,6,0,6,6,0
arianism,64,45,19,64,0
idaho,8,0,8,8,0
bass_strait,4,0,4,4,0
electrospray_ionization,4,0,4,4,0
yunnan,33,0,33,33,0
carrying_capacity,2,0,2,2,0
principle_of_least_action,8,0,8,8,0
the_barber_of_seville,1,0,1,1,0
morphine,67,0,67,67,0
capital_asset_pricing_model,7,0,7,7,0
spherical_harmonics,20,0,20,20,0
tula_(mesoamerican_site),18,0,18,18,0
nephthys,62,0,62,62,0
seven_laws_of_noah,6,0,6,6,0
borane,5,0,5,5,0
casablanca,10,0,10,10,0
indra,457,266,191,457,0
pilus,1,0,1,1,0
hell,171,0,171,171,0
clarinet,12,0,12,12,0
eros,6,0,6,6,0
selenium,112,0,112,112,0
jerry_fodor,29,0,29,29,0
claisen_condensation,55,55,0,55,0
paracelsus,6,0,6,6,0
archaea,153,54,99,153,0
richard_leakey,7,0,7,7,0
sinoatrial_node,2,0,2,2,0
asch_conformity_experiments,6,0,6,6,0
jane_addams,99,53,46,99,0
lymph_node,47,0,47,47,0
aphasia,3,0,3,3,0
logical_positivism,33,0,33,33,0
eustachian_tube,3,0,3,3,0
accretion_disc,12,0,12,12,0
trent_affair,249,61,188,249,0
the_merry_wives_of_windsor,135,71,64,135,0
albinism,6,0,6,6,0
maslow's_hierarchy_of_needs,21,0,21,21,0
symposium_(plato),155,106,49,155,0
kuiper_belt,22,0,22,22,0
louis_riel,262,139,123,262,0
in_search_of_lost_time,573,168,405,573,0
isospin,28,0,28,28,0
telamon,27,0,27,27,0
la_dolce_vita,18,0,18,18,0
pythagoras,64,0,64,64,0
the_tin_drum,258,178,80,258,0
eugene_v._debs,122,68,54,122,0
willard_van_orman_quine,74,60,14,74,0
algae,31,0,31,31,0
green_mountain_boys,112,102,10,112,0
loop_of_henle,6,0,6,6,0
plague_(disease),27,0,27,27,0
william_shakespeare,557,189,368,557,0
easter_rising,167,71,96,167,0
raymond_chandler,12,0,12,12,0
francis_drake,147,48,99,147,0
pleural_cavity,6,0,6,6,0
andy_warhol,17,0,17,17,0
the_makropulos_affair_(opera),1,0,1,1,0
quantum_dot,78,0,78,78,0
villanelle,1,0,1,1,0
basal_metabolic_rate,56,0,56,56,0
giselle,4,0,4,4,0
david_livingstone,119,63,56,119,0
samaritans,65,0,65,65,0
henry_fuseli,2,0,2,2,0
second_vatican_council,117,73,44,117,0
pauli_exclusion_principle,177,100,77,177,0
cysteine,102,72,30,102,0
getulio_vargas,111,102,9,111,0
cyanobacteria,42,0,42,42,0
punctuated_equilibrium,21,0,21,21,0
alfred_the_great,225,40,185,225,0
cherokee,322,163,159,322,0
henna,5,0,5,5,0
the_fall_of_the_house_of_usher,62,21,41,62,0
neuroglia,12,0,12,12,0
proline,9,0,9,9,0
william_carlos_williams,195,107,88,195,0
thaddeus_stevens,431,135,296,431,0
evolution_of_cetaceans,10,0,10,10,0
diphtheria,13,0,13,13,0
atomism,31,0,31,31,0
rhiannon,230,210,20,230,0
theosophy,10,0,10,10,0
the_sleeping_beauty_(ballet),5,0,5,5,0
serotonin,265,128,137,265,0
tonga,5,0,5,5,0
mark_twain,680,266,414,680,0
triphenylphosphine,33,0,33,33,0
christo_and_jeanne-claude,3,0,3,3,0
neoptolemus,37,0,37,37,0
francis_bacon_(artist),12,0,12,12,0
charlie_parker,1,0,1,1,0
bhima,71,0,71,71,0
french_guiana,12,0,12,12,0
general_relativity,182,0,182,182,0
copyright,15,0,15,15,0
giant_panda,12,0,12,12,0
altiplano,5,0,5,5,0
ascomycota,36,0,36,36,0
sundarbans,9,0,9,9,0
henry_i_of_england,281,115,166,281,0
rotterdam,7,0,7,7,0
somalia,16,0,16,16,0
council_of_trent,167,87,80,167,0
bernoulli's_principle,55,0,55,55,0
florence_cathedral,5,0,5,5,0
sarah_orne_jewett,198,160,38,198,0
kusanagi,15,0,15,15,0
paul_ehrlich,23,0,23,23,0
thermonuclear_fusion,1,0,1,1,0
arrow's_impossibility_theorem,117,110,7,117,0
haber_process,9,0,9,9,0
edward_burnett_tylor,16,0,16,16,0
antonio_vivaldi,5,0,5,5,0
pockels_effect,17,0,17,17,0
inigo_jones,2,0,2,2,0
derek_walcott,266,141,125,266,0
the_decameron,153,127,26,153,0
rabindranath_tagore,279,82,197,279,0
an_enemy_of_the_people,164,124,40,164,0
class_consciousness,4,0,4,4,0
edwin_hubble,17,0,17,17,0
mantra,65,0,65,65,0
schizophrenia,126,81,45,126,0
the_master_and_margarita,195,64,131,195,0
kurt_vonnegut,252,49,203,252,0
phenomenology_(philosophy),137,73,64,137,0
neoconservatism,36,0,36,36,0
john_updike,308,79,229,308,0
joseph_of_arimathea,11,0,11,11,0
alcibiades_(fictional_character),4,0,4,4,0
alexander_h._stephens,166,131,35,166,0
united_methodist_church,40,0,40,40,0
carl_wilhelm_scheele,3,0,3,3,0
clifford_odets,283,219,64,283,0
zechariah_(hebrew_prophet),2,0,2,2,0
b_vitamins,1,0,1,1,0
frederic_remington,6,0,6,6,0
la_belle_dame_sans_merci,90,73,17,90,0
max_wertheimer,133,128,5,133,0
histamine,29,0,29,29,0
leaves_of_grass,134,72,62,134,0
proton,81,0,81,81,0
richard_serra,4,0,4,4,0
linux,3,0,3,3,0
julio_cortazar,90,45,45,90,0
yukon,5,0,5,5,0
daedalus,134,54,80,134,0
kristin_lavransdatter,82,33,49,82,0
pierre_curie,5,0,5,5,0
the_problem_of_social_cost,5,0,5,5,0
falkland_islands,8,0,8,8,0
mombasa,9,0,9,9,0
maitreya,39,0,39,39,0
areopagitica,3,0,3,3,0
cosi_fan_tutte,1,0,1,1,0
potlatch,2,0,2,2,0
monroe_doctrine,128,101,27,128,0
prince_igor,3,0,3,3,0
sutton_hoo,27,0,27,27,0
octatonic_scale,2,0,2,2,0
dead_sea_scrolls,70,51,19,70,0
washington_irving,320,122,198,320,0
freezing-point_depression,12,0,12,12,0
ester,195,128,67,195,0
flatiron_building,4,0,4,4,0
tuvalu,11,0,11,11,0
beowulf,154,34,120,154,0
first_triumvirate,94,78,16,94,0
van_der_waals_equation,84,0,84,84,0
taipei,11,0,11,11,0
alcibiades,49,0,49,49,0
fernand_braudel,1,0,1,1,0
stephen_a._douglas,215,149,66,215,0
norman_mailer,210,52,158,210,0
resonance_(chemistry),48,0,48,48,0
athol_fugard,197,138,59,197,0
louisa_may_alcott,320,239,81,320,0
kyrgyzstan,16,0,16,16,0
the_concept_of_mind,12,0,12,12,0
tisha_b'av,156,116,40,156,0
mali_empire,329,150,179,329,0
penthesilea,5,0,5,5,0
moraine,1,0,1,1,0
price_elasticity_of_demand,29,0,29,29,0
permittivity,98,0,98,98,0
soma,46,0,46,46,0
correspondence_principle,64,0,64,64,0
symmetry_(physics),42,0,42,42,0
transition_state,2,0,2,2,0
ludwig_prandtl,4,0,4,4,0
entropy_(classical_thermodynamics),35,0,35,35,0
walter_kaufmann_(philosopher),2,0,2,2,0
milgram_experiment,21,0,21,21,0
feynman_diagram,125,0,125,125,0
kernel_(computing),4,0,4,4,0
galaxy_rotation_curve,19,0,19,19,0
the_poverty_of_philosophy,3,0,3,3,0
gnome,3,0,3,3,0
chicago_(poem),21,5,16,21,0
australopithecus,6,0,6,6,0
pride_and_prejudice,576,203,373,576,0
tierra_del_fuego_(main_island),1,0,1,1,0
don_quixote,40,0,40,40,0
sylvia_(ballet),5,0,5,5,0
quetzalcoatl,337,235,102,337,0
membrane_potential,81,0,81,81,0
battle_of_agincourt,132,75,57,132,0
tryptophan,96,73,23,96,0
phenylalanine,25,0,25,25,0
action_potential,94,0,94,94,0
pre-raphaelite_brotherhood,3,0,3,3,0
aurora_(astronomy),42,0,42,42,0
stephen_crane,929,262,667,929,0
psychosis,39,0,39,39,0
curl_(mathematics),26,0,26,26,0
adlai_stevenson_ii,226,102,124,226,0
willa_cather,296,140,156,296,0
activity_coefficient,47,0,47,47,0
kidney,164,75,89,164,0
melampus,147,125,22,147,0
autolycus,29,0,29,29,0
phidias,5,0,5,5,0
ben_nevis,5,0,5,5,0
betty_friedan,30,0,30,30,0
a_letter_concerning_toleration,6,0,6,6,0
zither,1,0,1,1,0
jainism,306,192,114,306,0
john_adams,401,92,309,401,0
kansas,4,0,4,4,0
tundra,2,0,2,2,0
vestal_virgin,19,0,19,19,0
history_of_parkinson's_disease,5,0,5,5,0
rigid_designator,1,0,1,1,0
surfactants_in_paint,4,0,4,4,0
giuseppe_garibaldi,217,99,118,217,0
jean-luc_godard,30,0,30,30,0
andrea_mantegna,1,0,1,1,0
corundum,1,0,1,1,0
rydberg_formula,16,0,16,16,0
the_paranoid_style_in_american_politics,2,0,2,2,0
mount_hood,4,0,4,4,0
lag_baomer,9,0,9,9,0
william_blake,500,165,335,500,0
stone_age,28,0,28,28,0
jersey_devil,1,0,1,1,0
ammonia,244,110,134,244,0
the_last_supper_(leonardo_da_vinci),8,0,8,8,0
john_paul_jones,259,183,76,259,0
mosque,40,0,40,40,0
huldrych_zwingli,252,114,138,252,0
george_bernard_shaw,504,164,340,504,0
das_kapital,127,121,6,127,0
mahayana_sutras,22,0,22,22,0
maat,24,0,24,24,0
frederick_soddy,3,0,3,3,0
allan_pinkerton,93,83,10,93,0
tosca,8,0,8,8,0
roman_forum,18,0,18,18,0
billie_holiday,11,0,11,11,0
half-life,6,0,6,6,0
portrait_of_dr._gachet,1,0,1,1,0
chihuahua_(state),10,0,10,10,0
reflection_(physics),26,0,26,26,0
eleanor_roosevelt,221,119,102,221,0
geography_of_chad,36,0,36,36,0
vampire,149,0,149,149,0
battle_of_gettysburg,194,99,95,194,0
north_atlantic_oscillation,2,0,2,2,0
nuclear_fission,83,0,83,83,0
dietrich_bonhoeffer,10,0,10,10,0
aztec_mythology,14,0,14,14,0
legionnaires'_disease,7,0,7,7,0
sistine_chapel,14,0,14,14,0
black_stone,13,0,13,13,0
rosary,150,117,33,150,0
flashbulb_memory,25,0,25,25,0
schubert's_last_sonatas,3,0,3,3,0
buckwheat,6,0,6,6,0
mount_kilimanjaro,1,0,1,1,0
sicily,37,0,37,37,0
beyond_good_&amp;_evil_(video_game),1,0,1,1,0
caligula,179,110,69,179,0
meson,39,0,39,39,0
the_wild_duck,236,192,44,236,0
metaphor,15,0,15,15,0
the_great_wave_off_kanagawa,2,0,2,2,0
caucasus_mountains,2,0,2,2,0
murray_river,29,0,29,29,0
robert_fogel,14,0,14,14,0
coriolanus,8,0,8,8,0
eutrophication,10,0,10,10,0
georg_simmel,84,48,36,84,0
bcs_theory,6,0,6,6,0
alejo_carpentier,19,0,19,19,0
red_queen_hypothesis,44,41,3,44,0
chinese_calligraphy,4,0,4,4,0
salat,19,0,19,19,0
golan_heights,13,0,13,13,0
conformity,23,0,23,23,0
battle_of_tannenberg,135,99,36,135,0
cerebrospinal_fluid,11,0,11,11,0
philadelphia_chromosome,8,0,8,8,0
jean_auguste_dominique_ingres,6,0,6,6,0
valhalla,48,0,48,48,0
spartacus,87,60,27,87,0
faraday_effect,52,0,52,52,0
peroxisome,112,81,31,112,0
kolkata,8,0,8,8,0
halo_effect,29,0,29,29,0
sardinia,35,0,35,35,0
richard_strauss,4,0,4,4,0
glenn_miller,1,0,1,1,0
ibiza,6,0,6,6,0
the_color_purple,376,136,240,376,0
olduvai_gorge,7,0,7,7,0
jean_sibelius,5,0,5,5,0
nikolai_rimsky-korsakov,15,0,15,15,0
io_(moon),34,0,34,34,0
copts,13,0,13,13,0
cass_gilbert,1,0,1,1,0
sperm,17,0,17,17,0
equatorial_guinea,10,0,10,10,0
samoan_islands,4,0,4,4,0
janus_(programming_language),2,0,2,2,0
general_equilibrium_theory,49,0,49,49,0
1812_overture,3,0,3,3,0
peterloo_massacre,235,142,93,235,0
spinal_cord,64,0,64,64,0
creative_destruction,29,0,29,29,0
ismailism,78,0,78,78,0
the_massacre_at_chios,2,0,2,2,0
zagreb,8,0,8,8,0
venus_(mythology),89,0,89,89,0
dura_mater,18,0,18,18,0
auguste_comte,12,0,12,12,0
veliky_novgorod,5,0,5,5,0
taj_mahal,7,0,7,7,0
art_deco,2,0,2,2,0
titian,20,0,20,20,0
thus_spoke_zarathustra,27,0,27,27,0
maria_theresa,391,287,104,391,0
kate_chopin,213,157,56,213,0
einstein_field_equations,24,0,24,24,0
creation_science,59,0,59,59,0
bell_hooks,23,0,23,23,0
law_of_mass_action,44,0,44,44,0
williamson_ether_synthesis,8,0,8,8,0
protein_folding,45,0,45,45,0
brian_mulroney,257,86,171,257,0
heimdall_(comics),30,0,30,30,0
beaver_island_(lake_michigan),1,0,1,1,0
adirondack_mountains,19,0,19,19,0
jacques_lacan,47,0,47,47,0
siena,2,0,2,2,0
lord_jim,50,20,30,50,0
miguel_de_cervantes,375,163,212,375,0
subject_(grammar),1,0,1,1,0
institutes_of_the_christian_religion,9,0,9,9,0
cosmic_ray,74,0,74,74,0
thomas_kuhn,13,0,13,13,0
johann_joachim_winckelmann,4,0,4,4,0
nineteen_eighty-four,248,114,134,248,0
vermiform_appendix,18,0,18,18,0
mammalian_target_of_rapamycin,35,0,35,35,0
akhnaten_(opera),5,0,5,5,0
elasticity_(physics),12,0,12,12,0
donald_davidson_(philosopher),22,0,22,22,0
the_triumph_of_death,1,0,1,1,0
art_nouveau,1,0,1,1,0
pierre_puget,1,0,1,1,0
christopher_marlowe,328,149,179,328,0
margaret_mead,133,82,51,133,0
franz_liszt,2,0,2,2,0
bret_harte,74,50,24,74,0
martial_law,2,0,2,2,0
august_strindberg,667,170,497,667,0
john_mearsheimer,16,0,16,16,0
pharisees,123,0,123,123,0
sons_and_lovers,268,216,52,268,0
ankle,2,0,2,2,0
neurotransmitter,33,0,33,33,0
doris_lessing,217,140,77,217,0
okazaki_fragments,23,0,23,23,0
golden_apple,78,0,78,78,0
reconstructionist_judaism,9,0,9,9,0
john_milton,594,171,423,594,0
tang_dynasty,376,132,244,376,0
amide,25,0,25,25,0
anthony_powell,2,0,2,2,0
crown-of-thorns_starfish,7,0,7,7,0
saint_sebastian,5,0,5,5,0
chandrasekhar_limit,127,94,33,127,0
sartor_resartus,124,74,50,124,0
deimos_(moon),2,0,2,2,0
river_shannon,15,0,15,15,0
ernest_rutherford,90,63,27,90,0
henry_moore,13,0,13,13,0
manitoba,12,0,12,12,0
metaphysics,123,0,123,123,0
john_galsworthy,113,87,26,113,0
napoleon_as_mars_the_peacemaker,1,0,1,1,0
aldosterone,102,75,27,102,0
battle_of_zama,112,97,15,112,0
crassulacean_acid_metabolism,14,0,14,14,0
amu_darya,26,0,26,26,0
montana,43,0,43,43,0
haifa,8,0,8,8,0
cubism,17,0,17,17,0
klinefelter_syndrome,9,0,9,9,0
bessel_function,9,0,9,9,0
lake_champlain,15,0,15,15,0
triptych_of_the_temptation_of_st._anthony,1,0,1,1,0
agamemnon,67,0,67,67,0
black_sea,8,0,8,8,0
action_(physics),38,0,38,38,0
ancient_society,1,0,1,1,0
lewis_mumford,164,146,18,164,0
opium_wars,152,116,36,152,0
murray_gell-mann,9,0,9,9,0
aeolus,34,0,34,34,0
abdomen,24,0,24,24,0
w._somerset_maugham,453,106,347,453,0
a_portrait_of_the_artist_as_a_young_man,148,99,49,148,0
markovnikov's_rule,96,89,7,96,0
fatty_acid_synthesis,51,0,51,51,0
eudora_welty,241,138,103,241,0
carbon_monoxide,74,0,74,74,0
dna_ligase,2,0,2,2,0
climax_community,1,0,1,1,0
sulfur,93,0,93,93,0
john_muir,39,0,39,39,0
chiang_kai-shek,296,127,169,296,0
michigan,36,0,36,36,0
mass_(music),3,0,3,3,0
bonaventure,19,0,19,19,0
wnt_signaling_pathway,88,0,88,88,0
salvador_dali,32,0,32,32,0
arcangelo_corelli,1,0,1,1,0
syllogism,11,0,11,11,0
deer_in_mythology,100,0,100,100,0
molybdenum,38,0,38,38,0
kinetic_isotope_effect,78,0,78,78,0
alessandro_volta,1,0,1,1,0
shaka,111,43,68,111,0
rupert_brooke,200,174,26,200,0
typhon,41,0,41,41,0
white_house,7,0,7,7,0
navarre,2,0,2,2,0
pygmalion_(play),124,46,78,124,0
albania,4,0,4,4,0
schwa,6,0,6,6,0
elizabeth_barrett_browning,326,215,111,326,0
rokeby_venus,19,0,19,19,0
cyclotron,17,0,17,17,0
caliban,123,89,34,123,0
john_keats,375,164,211,375,0
teleological_argument,86,0,86,86,0
arnolfini_portrait,13,0,13,13,0
tantra,34,0,34,34,0
magi,3,0,3,3,0
oil_drop_experiment,8,0,8,8,0
rna_splicing,9,0,9,9,0
kulturkampf,166,151,15,166,0
kazimir_malevich,1,0,1,1,0
hippolyte_et_aricie,9,0,9,9,0
gravity_of_earth,21,0,21,21,0
sonic_hedgehog,31,0,31,31,0
hox_gene,20,0,20,20,0
diego_garcia,12,0,12,12,0
the_love_for_three_oranges,2,0,2,2,0
giorgio_de_chirico,1,0,1,1,0
fort_ticonderoga,200,115,85,200,0
lorentz_force,103,0,103,103,0
claudio_monteverdi,4,0,4,4,0
berlin_wall,6,0,6,6,0
the_tale_of_genji,299,160,139,299,0
vesicle_(biology_and_chemistry),25,0,25,25,0
satanic_verses,14,0,14,14,0
fullerene,171,95,76,171,0
magnitude_(astronomy),3,0,3,3,0
tartuffe,4,0,4,4,0
nikita_khrushchev,307,104,203,307,0
immanuel_kant,431,163,268,431,0
enthalpy,200,106,94,200,0
mitochondrial_dna,19,0,19,19,0
paul_samuelson,15,0,15,15,0
neuron,84,0,84,84,0
catacombs_of_rome,3,0,3,3,0
niger_river,15,0,15,15,0
lot_(biblical_person),14,0,14,14,0
july's_people,169,82,87,169,0
john_wesley,41,0,41,41,0
micah_(prophet),9,0,9,9,0
last_judgment_(van_der_weyden),17,0,17,17,0
human_intelligence,45,0,45,45,0
black_paintings,6,0,6,6,0
l'elisir_d'amore,2,0,2,2,0
shamanism,145,0,145,145,0
oligochaeta,3,0,3,3,0
salivary_gland,5,0,5,5,0
bleak_house,160,48,112,160,0
jacob_riis,14,0,14,14,0
dharma,38,0,38,38,0
charles_taze_russell,17,0,17,17,0
ralph_waldo_emerson,49,0,49,49,0
persistent_vegetative_state,13,0,13,13,0
centrifugal_force_(rotating_reference_frame),37,0,37,37,0
johannes_kepler,38,0,38,38,0
hans_bethe,44,0,44,44,0
jackson_pollock,8,0,8,8,0
ames_test,5,0,5,5,0
taq_polymerase,5,0,5,5,0
microtubule,164,102,62,164,0
pelagianism,13,0,13,13,0
ibn_khaldun,18,0,18,18,0
landscape_with_the_fall_of_icarus,1,0,1,1,0
ljubljana,10,0,10,10,0
cuneiform,11,0,11,11,0
daniel_chester_french,2,0,2,2,0
heinrich_heine,309,163,146,309,0
munich,2,0,2,2,0
turbulence,145,124,21,145,0
attila,209,94,115,209,0
claude_monet,2,0,2,2,0
amelia_earhart,131,61,70,131,0
geostationary_orbit,6,0,6,6,0
benzene,132,49,83,132,0
tractatus_logico-philosophicus,222,173,49,222,0
shem,3,0,3,3,0
stanley_cavell,3,0,3,3,0
hydrazine,135,67,68,135,0
the_open_society_and_its_enemies,99,98,1,99,0
death_of_a_salesman,223,145,78,223,0
thomas_precession,9,0,9,9,0
antiaromaticity,12,0,12,12,0
damien_hirst,6,0,6,6,0
john_wycliffe,187,98,89,187,0
gregory_bateson,73,0,73,73,0
myron,1,0,1,1,0
moral_hazard,7,0,7,7,0
endosymbiotic_theory,12,0,12,12,0
invisible_man,433,223,210,433,0
mao_zedong,288,70,218,288,0
teotihuacan,30,0,30,30,0
tongue,40,0,40,40,0
rings_of_saturn,20,0,20,20,0
wilmot_proviso,168,134,34,168,0
endocrine_gland,38,0,38,38,0
human_action,4,0,4,4,0
ghent_altarpiece,49,0,49,49,0
rosh_chodesh,19,0,19,19,0
gustav_holst,18,0,18,18,0
imine,6,0,6,6,0
poinsettia,2,0,2,2,0
a_raisin_in_the_sun,263,199,64,263,0
progress_and_poverty,1,0,1,1,0
david_alfaro_siqueiros,3,0,3,3,0
symphony_no._7_(shostakovich),4,0,4,4,0
works_by_francis_bacon,141,0,141,141,0
ernst_mach,6,0,6,6,0
west_side_story_(film),12,0,12,12,0
alessandro_scarlatti,1,0,1,1,0
mary_leakey,6,0,6,6,0
siegfried_(opera),15,0,15,15,0
anaximander,29,0,29,29,0
cello,10,0,10,10,0
superstring_theory,14,0,14,14,0
le_corbusier,16,0,16,16,0
babur,228,166,62,228,0
grace_(christianity),46,0,46,46,0
endymion_(poem),87,61,26,87,0
chromosome,50,0,50,50,0
titus_andronicus,501,129,372,501,0
vacuole,23,0,23,23,0
lake_ladoga,2,0,2,2,0
prayer_wheel,4,0,4,4,0
"the_life_and_opinions_of_tristram_shandy,_gentleman",219,159,60,219,0
translation_(biology),23,0,23,23,0
immanuel_wallerstein,4,0,4,4,0
fra_angelico,4,0,4,4,0
ruth_benedict,189,100,89,189,0
george_santayana,84,71,13,84,0
phineus,14,0,14,14,0
phosphorus,82,0,82,82,0
sphinx,75,0,75,75,0
linear_b,9,0,9,9,0
atheism,199,0,199,199,0
congenital_heart_defect,50,0,50,50,0
liver,188,108,80,188,0
sichuan,12,0,12,12,0
spoon_river_anthology,103,66,37,103,0
tajikistan,4,0,4,4,0
guerrero,20,0,20,20,0
saint_ursula,1,0,1,1,0
afar_triangle,1,0,1,1,0
john_cabot,130,75,55,130,0
hannah_(biblical_figure),4,0,4,4,0
the_creation_(haydn),14,0,14,14,0
poliovirus,19,0,19,19,0
virginia_woolf,373,166,207,373,0
guadalcanal,91,75,16,91,0
cholesterol,258,119,139,258,0
alexis_de_tocqueville,48,0,48,48,0
chandragupta_maurya,157,111,46,157,0
mono_lake,8,0,8,8,0
cosmic_microwave_background,60,0,60,60,0
lake_tahoe,19,0,19,19,0
pragmatism,325,132,193,325,0
milan_kundera,280,172,108,280,0
book_of_baruch,1,0,1,1,0
the_hay_wain,1,0,1,1,0
simian_immunodeficiency_virus,2,0,2,2,0
shatt_al-arab,1,0,1,1,0
boron,83,0,83,83,0
vapor_pressure,111,71,40,111,0
the_musical_offering,2,0,2,2,0
sam_houston,182,81,101,182,0
parashurama,119,0,119,119,0
ecological_succession,12,0,12,12,0
oman,34,0,34,34,0
piano_sonata_no._29_(beethoven),1,0,1,1,0
virial_theorem,98,0,98,98,0
ultraviolet_catastrophe,9,0,9,9,0
born-oppenheimer_approximation,99,99,0,99,0
joshua,8,0,8,8,0
emanuel_swedenborg,100,0,100,100,0
netherlandish_proverbs,2,0,2,2,0
gila_monster,14,0,14,14,0
jean-baptiste_lully,2,0,2,2,0
ark_of_the_covenant,42,0,42,42,0
john_dalton,12,0,12,12,0
principle_of_locality,4,0,4,4,0
euripides,236,81,155,236,0
barnacle,6,0,6,6,0
dido_(queen_of_carthage),61,0,61,61,0
myocardial_infarction,26,0,26,26,0
dream_caused_by_the_flight_of_a_bee_around_a_pomegranate_a_second_before_awakening,1,0,1,1,0
jules_verne,57,0,57,57,0
a._philip_randolph,58,27,31,58,0
deadweight_loss,2,0,2,2,0
berlin,8,0,8,8,0
biotin,31,0,31,31,0
subrahmanyan_chandrasekhar,15,0,15,15,0
glottochronology,4,0,4,4,0
hillel_the_elder,5,0,5,5,0
discovery_of_cosmic_microwave_background_radiation,2,0,2,2,0
rhizobia,5,0,5,5,0
pineal_gland,128,85,43,128,0
benjamin_britten,15,0,15,15,0
niobium,37,0,37,37,0
trinidad_and_tobago,14,0,14,14,0
laetoli,3,0,3,3,0
northanger_abbey,327,128,199,327,0
adolf_eichmann,179,119,60,179,0
dna_sequencing,29,0,29,29,0
black_hole,119,0,119,119,0
to_his_coy_mistress,100,62,38,100,0
the_nightmare,8,0,8,8,0
risk,23,0,23,23,0
alvin_ailey,1,0,1,1,0
metalloid,55,0,55,55,0
charon_(moon),6,0,6,6,0
count_basie,9,0,9,9,0
prison_notebooks,12,0,12,12,0
listeria_monocytogenes,38,0,38,38,0
thanatopsis,154,138,16,154,0
eric_whitacre,3,0,3,3,0
the_satanic_verses,18,0,18,18,0
the_will_to_believe,24,0,24,24,0
glycogen,121,84,37,121,0
capitalism,117,0,117,117,0
karl_ernst_von_baer,1,0,1,1,0
french_republican_calendar,4,0,4,4,0
charlemagne,584,208,376,584,0
ronald_coase,87,68,19,87,0
alternation_of_generations,17,0,17,17,0
william_dean_howells,201,102,99,201,0
auguste_rodin,21,0,21,21,0
general_agreement_on_tariffs_and_trade,1,0,1,1,0
bosnia_and_herzegovina,15,0,15,15,0
saint_peter,87,0,87,87,0
jacob,91,0,91,91,0
hermann_hesse,293,130,163,293,0
damascus,29,0,29,29,0
larmor_precession,15,0,15,15,0
belarus,2,0,2,2,0
atherosclerosis,66,0,66,66,0
andrea_palladio,3,0,3,3,0
kantele,1,0,1,1,0
baba_yaga,5,0,5,5,0
epidermis_(skin),118,105,13,118,0
abscisic_acid,108,96,12,108,0
pyrrole,12,0,12,12,0
bonn,3,0,3,3,0
auteur_theory,3,0,3,3,0
walter_mondale,132,53,79,132,0
encephalitis,2,0,2,2,0
bone,42,0,42,42,0
nocturnes_(chopin),1,0,1,1,0
robinson_crusoe,388,223,165,388,0
fragile_x_syndrome,23,0,23,23,0
saraswati,74,0,74,74,0
albrecht_altdorfer,2,0,2,2,0
blenheim_palace,33,0,33,33,0
confucianism,81,0,81,81,0
roald_amundsen,75,33,42,75,0
gradient,8,0,8,8,0
fiji,16,0,16,16,0
bauhaus,20,0,20,20,0
autotroph,6,0,6,6,0
hannah_arendt,131,100,31,131,0
transformation_(genetics),47,0,47,47,0
drang_nach_osten,1,0,1,1,0
druze,220,165,55,220,0
birefringence,145,94,51,145,0
lake_maracaibo,2,0,2,2,0
principal_quantum_number,3,0,3,3,0
david_hume,364,181,183,364,0
creep_(deformation),22,0,22,22,0
lucius_vorenus_(rome_character),7,0,7,7,0
haymarket_affair,142,73,69,142,0
the_last_of_the_mohicans,306,251,55,306,0
hannibal,351,189,162,351,0
horn_(instrument),12,0,12,12,0
fountain_(duchamp),2,0,2,2,0
j._d._salinger,240,81,159,240,0
tachyon,23,0,23,23,0
a_doll's_house,305,110,195,305,0
dwarf_planet,4,0,4,4,0
praxiteles,3,0,3,3,0
dido_and_aeneas,2,0,2,2,0
gospel_of_luke,60,0,60,60,0
thomas_aquinas,110,0,110,110,0
council_of_ephesus,15,0,15,15,0
occam's_razor,75,0,75,75,0
staten_island,4,0,4,4,0
zedekiah,5,0,5,5,0
giambologna,2,0,2,2,0
giulio_cesare,5,0,5,5,0
leon_battista_alberti,1,0,1,1,0
forbidden_planet,7,0,7,7,0
neutrino_oscillation,12,0,12,12,0
lewis_structure,13,0,13,13,0
william_faulkner,445,227,218,445,0
"string_quartets,_op._20_(haydn)",2,0,2,2,0
solomon,203,0,203,203,0
millennium_park,3,0,3,3,0
mind,52,0,52,52,0
vitamin_b12,100,0,100,100,0
ganymede_(mythology),22,0,22,22,0
camille_paglia,22,0,22,22,0
woodrow_wilson,591,143,448,591,0
taxonomy_(biology),1,0,1,1,0
heitor_villa-lobos,1,0,1,1,0
amahl_and_the_night_visitors,2,0,2,2,0
ashley_montagu,1,0,1,1,0
mollusca,43,0,43,43,0
the_ghost_in_the_machine,2,0,2,2,0
orogeny,5,0,5,5,0
oregon_trail,184,58,126,184,0
ludwig_feuerbach,4,0,4,4,0
anthony_trollope,184,72,112,184,0
nevada,21,0,21,21,0
horace_greeley,106,94,12,106,0
fear_and_trembling,176,140,36,176,0
pleistocene,2,0,2,2,0
sid_meier's_alpha_centauri,5,0,5,5,0
grand_unified_theory,25,0,25,25,0
winged_victory_of_samothrace,12,0,12,12,0
the_economic_consequences_of_the_peace,16,0,16,16,0
marsyas,28,0,28,28,0
cat's_cradle,2,0,2,2,0
v-j_day_in_times_square,1,0,1,1,0
bahrain,25,0,25,25,0
lotus_sutra,2,0,2,2,0
stained_glass,14,0,14,14,0
azide-alkyne_huisgen_cycloaddition,18,0,18,18,0
louis_armstrong,21,0,21,21,0
eoraptor,1,0,1,1,0
christian_wolff_(philosopher),5,0,5,5,0
lake_biwa,2,0,2,2,0
lectures_on_the_philosophy_of_history,19,0,19,19,0
niddah,24,0,24,24,0
dashiell_hammett,164,138,26,164,0
in_praise_of_shadows,3,0,3,3,0
liberty_leading_the_people,2,0,2,2,0
feudalism,10,0,10,10,0
epistle_of_jude,8,0,8,8,0
nitrogen_fixation,8,0,8,8,0
juno_(mythology),248,0,248,248,0
mencius,1,0,1,1,0
thomas_hart_benton_(painter),2,0,2,2,0
vyacheslav_molotov,102,36,66,102,0
ryan_braun,1,0,1,1,0
yoshi,2,0,2,2,0
nicolas_malebranche,38,0,38,38,0
molecular_orbital,43,0,43,43,0
satyendra_nath_bose,95,77,18,95,0
antimony,35,0,35,35,0
namib_desert,8,0,8,8,0
porgy_and_bess,13,0,13,13,0
the_jungle,278,225,53,278,0
leeroy_jenkins,1,0,1,1,0
baboon,3,0,3,3,0
robert_koch,48,45,3,48,0
jacob_epstein,1,0,1,1,0
lymphocyte,11,0,11,11,0
william_h._seward,140,71,69,140,0
david_ricardo,118,84,34,118,0
pontormo,2,0,2,2,0
south_africa,38,0,38,38,0
annunciation_(leonardo),1,0,1,1,0
lytic_cycle,10,0,10,10,0
african_elephant,6,0,6,6,0
peter_paul_rubens,3,0,3,3,0
cartilage,89,82,7,89,0
gel_electrophoresis,15,0,15,15,0
far_from_the_madding_crowd,365,238,127,365,0
guelphs_and_ghibellines,125,98,27,125,0
diocletian,259,84,175,259,0
peyote,5,0,5,5,0
arsenic,44,0,44,44,0
ether,128,77,51,128,0
aethelred_the_unready,82,30,52,82,0
rigoletto,4,0,4,4,0
cymbeline,296,117,179,296,0
"banqueting_house,_whitehall",1,0,1,1,0
biblical_apocrypha,10,0,10,10,0
mushroom,17,0,17,17,0
colligative_properties,164,130,34,164,0
acetylation,3,0,3,3,0
the_colossus_(painting),3,0,3,3,0
hudson_bay,3,0,3,3,0
grand_canyon,27,0,27,27,0
toni_morrison,318,226,92,318,0
tuatara,14,0,14,14,0
battle_of_the_centaurs_(michelangelo),4,0,4,4,0
jean_piaget,103,0,103,103,0
b._f._skinner,236,163,73,236,0
the_rape_of_the_sabine_women,27,0,27,27,0
guru_maneyo_granth,12,0,12,12,0
philip_johnson,2,0,2,2,0
evil_eye,34,0,34,34,0
memnon_(mythology),29,0,29,29,0
course_in_general_linguistics,24,0,24,24,0
the_crystal_palace,9,0,9,9,0
interactive_proof_system,1,0,1,1,0
tecumseh,235,141,94,235,0
catalysis,106,0,106,106,0
mars_(mythology),228,0,228,228,0
plasma_(physics),208,119,89,208,0
private_language_argument,9,0,9,9,0
many-worlds_interpretation,34,0,34,34,0
john_hancock,178,87,91,178,0
qualia,60,0,60,60,0
paul_mccartney,21,0,21,21,0
neptune,58,38,20,58,0
cygnus_(constellation),14,0,14,14,0
pandora,138,10,128,138,0
diphthong,5,0,5,5,0
rational_choice_theory,36,0,36,36,0
penis_envy,6,0,6,6,0
fire_(classical_element),6,0,6,6,0
asteroid_belt,11,0,11,11,0
new_urbanism,5,0,5,5,0
belfast,14,0,14,14,0
xenopus,20,0,20,20,0
invisible_hand,46,0,46,46,0
antiope_(mother_of_amphion),12,0,12,12,0
garbage_collection_(computer_science),6,0,6,6,0
the_voyage_of_life,7,0,7,7,0
brigham_young,121,89,32,121,0
constructivism_(philosophy_of_education),79,0,79,79,0
glass_house,3,0,3,3,0
dna_polymerase,56,0,56,56,0
wilson's_disease,34,0,34,34,0
insanity_defense,5,0,5,5,0
alvar_aalto,5,0,5,5,0
pierre_bourdieu,187,100,87,187,0
kazuo_ishiguro,339,297,42,339,0
rubidium,37,0,37,37,0
jupiter,33,0,33,33,0
martin_luther,348,125,223,348,0
idomeneo,3,0,3,3,0
bertrand_russell,67,0,67,67,0
george_washington,418,111,307,418,0
tom_jones_(film),2,0,2,2,0
powder_diffraction,65,0,65,65,0
giovanni_battista_tiepolo,1,0,1,1,0
gottfried_wilhelm_leibniz,123,0,123,123,0
gordon_allport,23,0,23,23,0
miguel_hidalgo_y_costilla,142,94,48,142,0
mrs_dalloway,208,130,78,208,0
aufbau_principle,4,0,4,4,0
council_of_constance,179,134,45,179,0
seneca_falls_convention,245,171,74,245,0
antaeus,14,0,14,14,0
john_harsanyi,2,0,2,2,0
el_salvador,24,0,24,24,0
robert_burns_woodward,22,0,22,22,0
biosphere_2,7,0,7,7,0
transcription_(genetics),119,81,38,119,0
cardiff,16,0,16,16,0
italic_languages,4,0,4,4,0
the_principles_of_scientific_management_(monograph),6,0,6,6,0
limbourg_brothers,1,0,1,1,0
archbishop_of_canterbury,4,0,4,4,0
yellow_river,22,0,22,22,0
arnold_schoenberg,10,0,10,10,0
hephaestus,384,231,153,384,0
epigoni_(play),3,0,3,3,0
piet_mondrian,3,0,3,3,0
sigmatropic_reaction,31,0,31,31,0
cleisthenes,89,65,24,89,0
centipede,8,0,8,8,0
crystal_field_theory,17,0,17,17,0
boomerang,5,0,5,5,0
john_wesley_powell,2,0,2,2,0
great_dividing_range,10,0,10,10,0
anthrax,103,42,61,103,0
shah_jahan,126,82,44,126,0
kurukshetra_war,122,0,122,122,0
mathis_der_maler_(opera),1,0,1,1,0
anansi,156,85,71,156,0
passenger_pigeon,15,0,15,15,0
medb,29,0,29,29,0
obsidian,2,0,2,2,0
ammonium,2,0,2,2,0
horatius_cocles,4,0,4,4,0
epictetus,41,0,41,41,0
beta_particle,17,0,17,17,0
hawking_radiation,79,0,79,79,0
sri_lanka,135,107,28,135,0
proletariat,1,0,1,1,0
europa_(moon),32,0,32,32,0
sir_gawain_and_the_green_knight,98,0,98,98,0
shock_(circulatory),29,0,29,29,0
treaty_of_portsmouth,98,92,6,98,0
wole_soyinka,291,111,180,291,0
blaise_pascal,24,0,24,24,0
x_chromosome,6,0,6,6,0
wilfred_owen,182,91,91,182,0
an_essay_concerning_human_understanding,160,155,5,160,0
pan's_labyrinth,18,0,18,18,0
youngstown_sheet_&amp;_tube_co._v._sawyer,4,0,4,4,0
appendicitis,37,0,37,37,0
olivine,6,0,6,6,0
frida_kahlo,3,0,3,3,0
albert_speer,9,0,9,9,0
jezebel,100,87,13,100,0
yeast,27,0,27,27,0
book_of_hours,6,0,6,6,0
jane_goodall,12,0,12,12,0
higgs_boson,223,126,97,223,0
timor,7,0,7,7,0
founder_effect,2,0,2,2,0
bile_acid,27,0,27,27,0
edgeworth_box,2,0,2,2,0
susquehanna_river,25,0,25,25,0
manetho,7,0,7,7,0
camelot,1,0,1,1,0
death_comes_for_the_archbishop,62,40,22,62,0
gemara,3,0,3,3,0
cybele,399,194,205,399,0
battle_of_puebla,172,156,16,172,0
hernando_de_soto,163,87,76,163,0
architecture_of_istanbul,4,0,4,4,0
lawrence_kohlberg,6,0,6,6,0
augusta_national_golf_club,3,0,3,3,0
mikhail_gorbachev,212,69,143,212,0
adventures_of_huckleberry_finn,287,47,240,287,0
george_meade,165,131,34,165,0
alpha_decay,24,0,24,24,0
purim,195,108,87,195,0
caravaggio,6,0,6,6,0
arjuna,157,0,157,157,0
the_marriage_of_heaven_and_hell,1,0,1,1,0
common_carotid_artery,15,0,15,15,0
cornel_west,14,0,14,14,0
nylon,19,0,19,19,0
'pataphysics,1,0,1,1,0
telomerase,82,0,82,82,0
franklin_pierce,381,173,208,381,0
gluon,115,103,12,115,0
zone_of_proximal_development,5,0,5,5,0
treaty_of_brest-litovsk,279,232,47,279,0
morgan_le_fay,32,0,32,32,0
lungfish,2,0,2,2,0
aspirin,123,37,86,123,0
thin_layer_chromatography,10,0,10,10,0
labyrinth,26,0,26,26,0
karl_jaspers,100,84,16,100,0
calorimeter,20,0,20,20,0
whiskey_rebellion,144,73,71,144,0
glottal_stop,1,0,1,1,0
flagellum,122,76,46,122,0
emily_dickinson,301,85,216,301,0
battle_of_lepanto,134,85,49,134,0
northrop_frye,19,0,19,19,0
ilya_kabakov,2,0,2,2,0
tracey_emin,10,0,10,10,0
hypatia,35,0,35,35,0
diabelli_variations,4,0,4,4,0
lumbar_puncture,6,0,6,6,0
oslo,6,0,6,6,0
date_palm,13,0,13,13,0
ectoderm,20,0,20,20,0
particle_in_a_box,10,0,10,10,0
carmina_burana,2,0,2,2,0
shinto,98,0,98,98,0
stellar_parallax,4,0,4,4,0
indus_valley_civilization,165,126,39,165,0
wicca,178,0,178,178,0
frederick_douglass,172,81,91,172,0
donner_party,65,0,65,65,0
hedonism,28,0,28,28,0
infallibility,3,0,3,3,0
strong_interaction,19,0,19,19,0
poseidon,565,220,345,565,0
hanukkah,75,0,75,75,0
kinsey_reports,4,0,4,4,0
dan_flavin,2,0,2,2,0
talc,1,0,1,1,0
robert_motherwell,4,0,4,4,0
fick's_laws_of_diffusion,70,0,70,70,0
kerr_effect,20,0,20,20,0
death_valley,5,0,5,5,0
cormac_mccarthy,195,156,39,195,0
bobo_doll_experiment,11,0,11,11,0
yorkshire,17,0,17,17,0
shofar,34,0,34,34,0
ode_on_a_grecian_urn,178,60,118,178,0
new_caledonia,10,0,10,10,0
brazos_river,1,0,1,1,0
pablo_picasso,6,0,6,6,0
apollo_belvedere,3,0,3,3,0
hydroxyl_radical,20,0,20,20,0
semiotics,38,0,38,38,0
alcmene,45,0,45,45,0
manifest_destiny,141,28,113,141,0
james_george_frazer,23,0,23,23,0
writing_system,10,0,10,10,0
thymus,218,123,95,218,0
william_herschel,9,0,9,9,0
ragnar_frisch,3,0,3,3,0
carthusians,4,0,4,4,0
south_dakota,27,0,27,27,0
douglas_macarthur,300,67,233,300,0
joseph_stefan,1,0,1,1,0
thor_heyerdahl,37,0,37,37,0
marco_polo,119,89,30,119,0
truman_doctrine,97,88,9,97,0
kebra_nagast,6,0,6,6,0
ethics_(book),84,64,20,84,0
atharvaveda,9,0,9,9,0
washington_allston,2,0,2,2,0
orestes_(play),7,0,7,7,0
lulu_(opera),4,0,4,4,0
varuna,39,0,39,39,0
mountains_of_bhutan,3,0,3,3,0
garuda,124,0,124,124,0
state_of_the_union_address,3,0,3,3,0
heterochromatin,7,0,7,7,0
e._m._forster,209,130,79,209,0
carnival,87,0,87,87,0
louis_sullivan,10,0,10,10,0
mary_cassatt,7,0,7,7,0
seychelles,52,41,11,52,0
j._m._coetzee,229,158,71,229,0
jade_emperor,27,0,27,27,0
viracocha,30,0,30,30,0
richard_dawkins,67,0,67,67,0
john_donne,191,82,109,191,0
cycloaddition,2,0,2,2,0
conservation_of_energy,47,0,47,47,0
walt_whitman,352,66,286,352,0
blue_nile,11,0,11,11,0
potential_energy,60,0,60,60,0
sunni_islam,1,0,1,1,0
agent_orange,8,0,8,8,0
formaldehyde,49,0,49,49,0
the_tempest,503,212,291,503,0
citric_acid,5,0,5,5,0
mimicry,74,55,19,74,0
wormhole,25,0,25,25,0
trofim_lysenko,2,0,2,2,0
lugh,67,0,67,67,0
punjabi_literature,2,0,2,2,0
"cartagena,_colombia",7,0,7,7,0
samuel_adams,352,171,181,352,0
piccolo,3,0,3,3,0
martha_graham,5,0,5,5,0
franz_schubert,6,0,6,6,0
philipp_otto_runge,2,0,2,2,0
escape_velocity,17,0,17,17,0
albedo,13,0,13,13,0
cassandra,55,0,55,55,0
centre_georges_pompidou,1,0,1,1,0
bavaria,1,0,1,1,0
single-nucleotide_polymorphism,1,0,1,1,0
book_of_job,45,0,45,45,0
emiliano_zapata,153,75,78,153,0
priapus,35,0,35,35,0
surface_tension,284,152,132,284,0
beirut,11,0,11,11,0
pain,48,0,48,48,0
chanson_de_geste,8,0,8,8,0
cecil_rhodes,171,100,71,171,0
rollo_may,9,0,9,9,0
q_cycle,11,0,11,11,0
the_gulf_stream_(painting),1,0,1,1,0
eugene_ormandy,1,0,1,1,0
max_weber,294,62,232,294,0
chinese_room,11,0,11,11,0
cornea,9,0,9,9,0
pablo_neruda,254,110,144,254,0
brandenburg_concertos,1,0,1,1,0
paul_krugman,83,0,83,83,0
minimum_wage,51,0,51,51,0
partition_function_(statistical_mechanics),148,110,38,148,0
little_women,42,0,42,42,0
histone,124,92,32,124,0
amalthea_(mythology),3,0,3,3,0
cyclopropane,2,0,2,2,0
bastille,217,97,120,217,0
war_of_the_austrian_succession,454,139,315,454,0
pygmalion_(mythology),14,0,14,14,0
ramayana,148,0,148,148,0
giant_magnetoresistance,69,0,69,69,0
carl_nielsen,9,0,9,9,0
a_priori_and_a_posteriori,12,0,12,12,0
electric_field,21,0,21,21,0
law_and_economics,15,0,15,15,0
macbeth_(character),69,46,23,69,0
balaam,24,0,24,24,0
being_and_time,10,0,10,10,0
dialectic,145,0,145,145,0
azide,75,53,22,75,0
atp_synthase,130,87,43,130,0
the_sorrows_of_young_werther,490,415,75,490,0
immanuel_velikovsky,18,0,18,18,0
zechariah_(priest),12,0,12,12,0
sonoran_desert,4,0,4,4,0
alexander_calder,3,0,3,3,0
hawthorne_effect,13,0,13,13,0
johann_pachelbel,12,0,12,12,0
electric_dipole_moment,43,0,43,43,0
ganymede_(moon),26,0,26,26,0
tonsure,9,0,9,9,0
fermi_surface,16,0,16,16,0
hubert_humphrey,179,68,111,179,0
herpesviridae,14,0,14,14,0
hanuman,436,228,208,436,0
steroid,16,0,16,16,0
instanton,37,0,37,37,0
dna_repair,100,0,100,100,0
francisco_goya,1,0,1,1,0
sundiata_keita,14,0,14,14,0
magnetic_monopole,269,99,170,269,0
villa_capra_&quot;la_rotonda&quot;,1,0,1,1,0
eminent_domain,14,0,14,14,0
barnard's_star,4,0,4,4,0
millard_fillmore,233,123,110,233,0
the_magic_flute,25,0,25,25,0
ronald_reagan,482,130,352,482,0
keeling_curve,1,0,1,1,0
curie_temperature,68,0,68,68,0
frankfurt_school,136,62,74,136,0
mars,30,0,30,30,0
shakers,43,0,43,43,0
meninges,7,0,7,7,0
measles,8,0,8,8,0
william_stanley_jevons,21,0,21,21,0
flannery_o'connor,209,142,67,209,0
hippolyta,16,0,16,16,0
bacchus_and_ariadne,5,0,5,5,0
enantioselective_reduction_of_ketones,4,0,4,4,0
grinling_gibbons,1,0,1,1,0
john_philip_sousa,3,0,3,3,0
hiram_powers,1,0,1,1,0
geography_of_cambodia,18,0,18,18,0
sargon_of_akkad,26,0,26,26,0
hijab,11,0,11,11,0
robert_penn_warren,252,214,38,252,0
gila_river,22,0,22,22,0
conversion_on_the_way_to_damascus,1,0,1,1,0
jacques_cartier,160,95,65,160,0
guadalajara,9,0,9,9,0
adsorption,107,0,107,107,0
humbaba,11,0,11,11,0
aldol_condensation,16,0,16,16,0
afternoon_of_a_faun_(nijinsky),9,0,9,9,0
susan_b._anthony,69,38,31,69,0
the_idiot,238,180,58,238,0
brancacci_chapel,7,0,7,7,0
chloroform,24,0,24,24,0
october_manifesto,121,113,8,121,0
william_lloyd_garrison,158,97,61,158,0
mengistu_haile_mariam,8,0,8,8,0
charles_willson_peale,3,0,3,3,0
geography_of_hungary,5,0,5,5,0
mercury_(element),93,48,45,93,0
behaviorism,25,0,25,25,0
july_revolution,171,151,20,171,0
marprelate_controversy,2,0,2,2,0
lugus,6,0,6,6,0
chelation_therapy,4,0,4,4,0
dolly_(sheep),1,0,1,1,0
bay_of_fundy,14,0,14,14,0
elementary_particle,53,0,53,53,0
lake_nicaragua,3,0,3,3,0
loving_v._virginia,1,0,1,1,0
gotland,4,0,4,4,0
norbert_elias,14,0,14,14,0
george_berkeley,224,137,87,224,0
pupa,4,0,4,4,0
friedrich_engels,34,0,34,34,0
gang_of_four,84,79,5,84,0
the_martyrdom_of_saint_matthew_(caravaggio),1,0,1,1,0
arthur_rimbaud,191,104,87,191,0
sergei_rachmaninoff,10,0,10,10,0
meiji_restoration,164,136,28,164,0
aristophanes,17,0,17,17,0
beyond_good_and_evil,152,127,25,152,0
kuru_(disease),4,0,4,4,0
organometallic_chemistry,8,0,8,8,0
sudan,13,0,13,13,0
comoros,12,0,12,12,0
branchiopoda,1,0,1,1,0
glaucus_(son_of_sisyphus),36,0,36,36,0
on_the_road_(film),1,0,1,1,0
an_essay_on_the_principle_of_population,115,0,115,115,0
winston_churchill,578,93,485,578,0
walter_gropius,4,0,4,4,0
opium,12,0,12,12,0
trypsin,17,0,17,17,0
duns_scotus,36,0,36,36,0
the_incoherence_of_the_philosophers,1,0,1,1,0
jerusalem,46,0,46,46,0
joseph_(son_of_jacob),72,0,72,72,0
benito_mussolini,535,167,368,535,0
buffer_overflow,5,0,5,5,0
merrimack_river,5,0,5,5,0
yom_kippur,180,119,61,180,0
purgatory,66,0,66,66,0
wake_island,9,0,9,9,0
william_the_conqueror,307,129,178,307,0
battle_of_trafalgar,150,94,56,150,0
john_knox,51,0,51,51,0
gram_staining,1,0,1,1,0
dave_eggers,2,0,2,2,0
edvard_munch,6,0,6,6,0
zambezi,184,137,47,184,0
tractatus_theologico-politicus,151,133,18,151,0
purkinje_cell,6,0,6,6,0
dante_symphony,9,0,9,9,0
elias_james_corey,50,0,50,50,0
adamantium,1,0,1,1,0
diabetes_insipidus,26,0,26,26,0
vanuatu,31,0,31,31,0
night_on_bald_mountain,14,0,14,14,0
gas_constant,25,0,25,25,0
les_troyens,19,0,19,19,0
zakat,2,0,2,2,0
charles_mingus,2,0,2,2,0
judah_(biblical_person),8,0,8,8,0
three-body_problem,6,0,6,6,0
young_hegelians,7,0,7,7,0
lollardy,73,46,27,73,0
songhai_empire,171,126,45,171,0
zinc,139,0,139,139,0
palenque,17,0,17,17,0
niacin,192,87,105,192,0
sennacherib,19,0,19,19,0
john_kenneth_galbraith,164,74,90,164,0
alfred_binet,5,0,5,5,0
daniel,124,89,35,124,0
alberta,39,0,39,39,0
thorstein_veblen,189,132,57,189,0
an_essay_on_man,5,0,5,5,0
bleach,29,0,29,29,0
capillary,35,0,35,35,0
william_mckinley,510,106,404,510,0
josiah_royce,160,142,18,160,0
gog_and_magog,58,0,58,58,0
john_marshall,208,68,140,208,0
johannes_stark,4,0,4,4,0
dies_irae,2,0,2,2,0
krzysztof_penderecki,2,0,2,2,0
rudyard_kipling,682,146,536,682,0
samuel_de_champlain,168,89,79,168,0
nuclear_fusion,68,0,68,68,0
giorgione,5,0,5,5,0
william_makepeace_thackeray,234,107,127,234,0
david_smith_(sculptor),3,0,3,3,0
john_dryden,240,159,81,240,0
aouzou_strip,2,0,2,2,0
caffeine,59,0,59,59,0
la_strada,16,0,16,16,0
malaria,100,47,53,100,0
breccia,1,0,1,1,0
jonah,160,110,50,160,0
thunder_bay,5,0,5,5,0
maxim_gorky,265,155,110,265,0
beta_ray_bill,21,0,21,21,0
capacitor,183,85,98,183,0
synoptic_gospels,2,0,2,2,0
equipartition_theorem,245,0,245,245,0
charles_sumner,300,90,210,300,0
rwenzori_mountains,3,0,3,3,0
"thebes,_greece",87,57,30,87,0
gibbs_paradox,41,0,41,41,0
gettier_problem,14,0,14,14,0
themis,8,0,8,8,0
beta_oxidation,31,0,31,31,0
the_art_of_loving,2,0,2,2,0
trevi_fountain,1,0,1,1,0
manu_(hinduism),5,0,5,5,0
shakespeare's_sonnets,8,0,8,8,0
whig_party_(united_states),144,94,50,144,0
richard_rorty,76,0,76,76,0
deism,142,0,142,142,0
polymerase_chain_reaction,84,77,7,84,0
king_lear,43,0,43,43,0
erik_erikson,2,0,2,2,0
escherichia_coli,46,23,23,46,0
orphism_(religion),5,0,5,5,0
promoter_(genetics),34,0,34,34,0
pendulum_(mathematics),4,0,4,4,0
clayton_antitrust_act,91,75,16,91,0
irving_langmuir,12,0,12,12,0
cooperativity,3,0,3,3,0
scheduling_(computing),3,0,3,3,0
pomp_and_circumstance_marches,6,0,6,6,0
perseus_with_the_head_of_medusa,6,0,6,6,0
philosophical_investigations,62,0,62,62,0
neoplatonism,74,0,74,74,0
plasmodium,4,0,4,4,0
missouri_river,62,0,62,62,0
padua,3,0,3,3,0
spontaneous_symmetry_breaking,48,0,48,48,0
coelacanth,10,0,10,10,0
ribozyme,17,0,17,17,0
hugo_grotius,38,0,38,38,0
william_byrd,28,0,28,28,0
falklands_war,224,116,108,224,0
francis_galton,51,0,51,51,0
dragon,54,0,54,54,0
methadone,12,0,12,12,0
the_frogs,176,95,81,176,0
serenade,1,0,1,1,0
azerbaijan,20,0,20,20,0
spallation,3,0,3,3,0
surrealism,37,0,37,37,0
nicolas_poussin,2,0,2,2,0
humphry_davy,6,0,6,6,0
muskrat,1,0,1,1,0
sodium,39,0,39,39,0
summary_judgment,2,0,2,2,0
two_treatises_of_government,69,0,69,69,0
total_internal_reflection,117,98,19,117,0
baal,44,0,44,44,0
theses_on_feuerbach,3,0,3,3,0
fathers_and_sons_(novel),75,25,50,75,0
supersymmetry,116,68,48,116,0
tympanic_membrane_retraction,3,0,3,3,0
the_structure_of_scientific_revolutions,104,61,43,104,0
genetic_linkage,4,0,4,4,0
sunset_boulevard_(film),13,0,13,13,0
histidine,76,70,6,76,0
the_infinity_gauntlet,1,0,1,1,0
nehemiah,1,0,1,1,0
namibia,4,0,4,4,0
adam_smith,130,0,130,130,0
the_sociological_imagination,6,0,6,6,0
true_cross,22,0,22,22,0
sn2_reaction,20,0,20,20,0
west_nile_virus,25,0,25,25,0
arthur_conan_doyle,180,37,143,180,0
maya_angelou,268,115,153,268,0
harp,20,0,20,20,0
david_foster_wallace,122,59,63,122,0
kaposi's_sarcoma,86,80,6,86,0
polychlorinated_dibenzodioxins,5,0,5,5,0
giordano_bruno,45,0,45,45,0
aerodynamic_drag,3,0,3,3,0
nosferatu,5,0,5,5,0
israel_in_egypt,1,0,1,1,0
igneous_rock,4,0,4,4,0
epicurus,156,98,58,156,0
hermes,489,246,243,489,0
gullah,7,0,7,7,0
gathas,6,0,6,6,0
autism_spectrum,15,0,15,15,0
roy_lichtenstein,11,0,11,11,0
finland,241,122,119,241,0
copper,49,0,49,49,0
philip_glass,16,0,16,16,0
family_resemblance,1,0,1,1,0
hydrogen_atom,58,0,58,58,0
fibonacci_number,12,0,12,12,0
amyotrophic_lateral_sclerosis,45,0,45,45,0
protein_sequencing,16,0,16,16,0
the_lark_ascending,1,0,1,1,0
albert_camus,29,0,29,29,0
polycyclic_aromatic_hydrocarbon,9,0,9,9,0
baryon,31,0,31,31,0
salween_river,25,0,25,25,0
the_firebird,2,0,2,2,0
infectious_mononucleosis,18,0,18,18,0
notch_signaling_pathway,51,0,51,51,0
aggregate_demand,17,0,17,17,0
kalki,21,0,21,21,0
sense_and_sensibility,219,115,104,219,0
lord's_resistance_army,11,0,11,11,0
isoprene,7,0,7,7,0
hamiltonian_(quantum_mechanics),47,0,47,47,0
whore_of_babylon,3,0,3,3,0
salisbury_cathedral,4,0,4,4,0
first_continental_congress,1,0,1,1,0
k2,2,0,2,2,0
howard_carter,1,0,1,1,0
nestorius,6,0,6,6,0
cameroon,19,0,19,19,0
yellow_submarine_(film),5,0,5,5,0
full_faith_and_credit_clause,1,0,1,1,0
flute,6,0,6,6,0
salmon,12,0,12,12,0
perturbation_theory_(quantum_mechanics),122,0,122,122,0
daphne,9,0,9,9,0
eskimo,4,0,4,4,0
geryon,24,0,24,24,0
joseph_stiglitz,39,0,39,39,0
the_celebrated_jumping_frog_of_calaveras_county,125,113,12,125,0
akhenaten,158,0,158,158,0
the_gross_clinic,1,0,1,1,0
equivalence_principle,27,0,27,27,0
azimuth,1,0,1,1,0
sign_of_the_cross,21,0,21,21,0
refractive_index,134,0,134,134,0
zhou_dynasty,7,0,7,7,0
forseti,1,0,1,1,0
hokkaido,10,0,10,10,0
beta_decay,188,120,68,188,0
robert_mapplethorpe,4,0,4,4,0
church_of_the_holy_sepulchre,21,0,21,21,0
euthyphro,6,0,6,6,0
vistula,24,0,24,24,0
samuel_butler_(novelist),145,82,63,145,0
cholera,112,71,41,112,0
the_bluest_eye,2,0,2,2,0
shylock,117,103,14,117,0
"john_forbes_nash,_jr.",13,0,13,13,0
far_side_of_the_moon,7,0,7,7,0
flight_into_egypt,11,0,11,11,0
isamu_noguchi,5,0,5,5,0
transactional_analysis,48,0,48,48,0
thuringia,4,0,4,4,0
four_noble_truths,13,0,13,13,0
gospel,27,0,27,27,0
fugacity,182,140,42,182,0
truman_capote,622,171,451,622,0
albert_b._fall,68,49,19,68,0
civil_disobedience_(thoreau),155,153,2,155,0
transpiration,1,0,1,1,0
ray_bradbury,253,58,195,253,0
henry_cowell,12,0,12,12,0
robert_barro,16,0,16,16,0
tobias_smollett,119,90,29,119,0
the_day_of_the_locust,54,24,30,54,0
vulcan_(hypothetical_planet),7,0,7,7,0
gottlob_frege,16,0,16,16,0
persian_gulf,8,0,8,8,0
urea_cycle,90,82,8,90,0
hippocampus,148,91,57,148,0
arthur_jensen,40,0,40,40,0
geography_of_cuba,3,0,3,3,0
rostam,6,0,6,6,0
critique_of_pure_reason,194,89,105,194,0
asthma,19,0,19,19,0
carpus,4,0,4,4,0
thomas_merton,49,0,49,49,0
the_glass_bead_game,142,111,31,142,0
five_pillars_of_islam,8,0,8,8,0
tennessee,13,0,13,13,0
appalachian_spring,1,0,1,1,0
esophagus,50,47,3,50,0
social_contract,158,109,49,158,0
barabbas,4,0,4,4,0
discriminant,9,0,9,9,0
la_fanciulla_del_west,1,0,1,1,0
attitude_(psychology),27,0,27,27,0
kind_of_blue,4,0,4,4,0
gospel_of_john,85,0,85,85,0
laos,12,0,12,12,0
pituitary_gland,79,63,16,79,0
ancient_corinth,226,104,122,226,0
the_last_judgment_(michelangelo),1,0,1,1,0
the_barque_of_dante,1,0,1,1,0
bone_marrow,21,0,21,21,0
marshall_sahlins,3,0,3,3,0
sabines,7,0,7,7,0
ian_paisley,3,0,3,3,0
comparator,10,0,10,10,0
g_protein,41,0,41,41,0
biomass_(ecology),5,0,5,5,0
endowment_effect,4,0,4,4,0
nash_equilibrium,5,0,5,5,0
andromache,7,0,7,7,0
the_metamorphosis,224,152,72,224,0
the_daughters_of_edward_darley_boit,1,0,1,1,0
portugal,482,217,265,482,0
imperialism,19,0,19,19,0
katherine_anne_porter,151,110,41,151,0
ecclesiastes,12,0,12,12,0
ethylene,85,55,30,85,0
defence_mechanisms,12,0,12,12,0
toledo_cathedral,26,0,26,26,0
sonnets_from_the_portuguese,72,45,27,72,0
janus,386,180,206,386,0
the_mayor_of_casterbridge,341,132,209,341,0
michael_haydn,1,0,1,1,0
ernst_mayr,15,0,15,15,0
neutron,222,86,136,222,0
council_of_chalcedon,103,52,51,103,0
barbara_mcclintock,39,0,39,39,0
humber,2,0,2,2,0
prague,9,0,9,9,0
eugene_onegin_(opera),4,0,4,4,0
cumberland_river,7,0,7,7,0
casimir_effect,190,102,88,190,0
mordred,4,0,4,4,0
margaret_thatcher,292,113,179,292,0
hyperventilation,8,0,8,8,0
tay-sachs_disease,33,0,33,33,0
anne_bradstreet,345,196,149,345,0
gilles_deleuze,68,0,68,68,0
howl,221,147,74,221,0
azeotrope,21,0,21,21,0
raney_nickel,19,0,19,19,0
great_expectations,247,74,173,247,0
manhattan_(film),3,0,3,3,0
roland_barthes,73,0,73,73,0
sparta,205,103,102,205,0
cud,1,0,1,1,0
easter,78,0,78,78,0
arrhenius_equation,236,178,58,236,0
zoroaster,105,0,105,105,0
lewis_terman,2,0,2,2,0
autonomous_region_of_bougainville,1,0,1,1,0
fenrir,74,0,74,74,0
the_portrait_of_a_lady,219,131,88,219,0
flux,34,0,34,34,0
protagoras,18,0,18,18,0
walrus,13,0,13,13,0
south_china_sea,1,0,1,1,0
bowling_alone,2,0,2,2,0
triceratops,13,0,13,13,0
vienna_standard_mean_ocean_water,1,0,1,1,0
edgar_degas,3,0,3,3,0
summa_theologica,38,0,38,38,0
nicaragua,38,0,38,38,0
henrik_ibsen,262,250,12,262,0
toyotomi_hideyoshi,107,66,41,107,0
the_descent_from_the_cross_(van_der_weyden),2,0,2,2,0
petrified_forest_national_park,19,0,19,19,0
nuclear_magnetic_resonance,330,135,195,330,0
andromeda_(mythology),93,21,72,93,0
metamorphoses,25,0,25,25,0
phobos_(moon),12,0,12,12,0
critical_mass,27,0,27,27,0
spellbound_(1945_film),5,0,5,5,0
first_crusade,314,119,195,314,0
maxwell's_equations,95,0,95,95,0
empire_state_building,17,0,17,17,0
diwali,305,155,150,305,0
battle_of_blenheim,220,104,116,220,0
yalu_river,8,0,8,8,0
jet_stream,11,0,11,11,0
bankruptcy,6,0,6,6,0
septuagint,26,0,26,26,0
kokopelli,7,0,7,7,0
oliver_cromwell,367,109,258,367,0
salmon_p._chase,134,104,30,134,0
paul_cezanne,5,0,5,5,0
bathsheba,22,0,22,22,0
treaty_of_tordesillas,112,86,26,112,0
grammatical_gender,8,0,8,8,0
lena_river,14,0,14,14,0
boiling_point,29,0,29,29,0
brewster's_angle,6,0,6,6,0
des_moines_river,4,0,4,4,0
ketone,99,60,39,99,0
twyla_tharp,1,0,1,1,0
salton_sea,8,0,8,8,0
lake_eyre,6,0,6,6,0
psychoanalysis,170,0,170,170,0
the_golden_cockerel,3,0,3,3,0
babylonian_captivity,16,0,16,16,0
beta_sheet,15,0,15,15,0
wave_function,55,0,55,55,0
david_hockney,1,0,1,1,0
book_of_leviticus,26,0,26,26,0
voltaire,77,0,77,77,0
white_lotus_rebellion,1,0,1,1,0
baron_samedi,3,0,3,3,0
django_reinhardt,1,0,1,1,0
the_birth_of_venus_(botticelli),4,0,4,4,0
top_quark,17,0,17,17,0
amidah,72,0,72,72,0
ariadne,36,0,36,36,0
great_slave_lake,1,0,1,1,0
maldives,34,0,34,34,0
henri_becquerel,3,0,3,3,0
socrates,90,0,90,90,0
delft,1,0,1,1,0
savitri_and_satyavan,8,0,8,8,0
jason,208,0,208,208,0
peace_of_westphalia,188,169,19,188,0
sigmund,19,0,19,19,0
an_enquiry_concerning_human_understanding,151,98,53,151,0
lorenzo_ghiberti,1,0,1,1,0
minnesota_multiphasic_personality_inventory,11,0,11,11,0
tabula_rasa,11,0,11,11,0
"string_quartets,_op._76_(haydn)",3,0,3,3,0
raoult's_law,26,0,26,26,0
puranas,18,0,18,18,0
cortisone,6,0,6,6,0
new_south_wales,6,0,6,6,0
stephen_jay_gould,77,0,77,77,0
parasympathetic_nervous_system,37,0,37,37,0
sampo_(film),6,0,6,6,0
edward_b._titchener,9,0,9,9,0
4_vesta,13,0,13,13,0
kronecker_delta,1,0,1,1,0
naguib_mahfouz,291,175,116,291,0
niobe,262,224,38,262,0
yellowstone_national_park,39,0,39,39,0
edward_c._tolman,11,0,11,11,0
antigen,12,0,12,12,0
mural,4,0,4,4,0
malleus_maleficarum,3,0,3,3,0
ishtar,240,193,47,240,0
hubbard_model,27,0,27,27,0
utopia_(book),42,25,17,42,0
elisa,36,0,36,36,0
the_prince_and_the_pauper,173,136,37,173,0
chicago,12,0,12,12,0
joseph_mccarthy,226,79,147,226,0
rayleigh_scattering,13,0,13,13,0
lambda_phage,35,0,35,35,0
salvador_allende,233,108,125,233,0
photoelectric_effect,313,153,160,313,0
cogito_ergo_sum,5,0,5,5,0
war_of_the_spanish_succession,432,234,198,432,0
the_hedgehog_and_the_fox,10,0,10,10,0
alhambra,3,0,3,3,0
witness_for_the_prosecution_(1957_film),2,0,2,2,0
kitchen_cabinet,92,70,22,92,0
frederick_delius,4,0,4,4,0
conduction_aphasia,4,0,4,4,0
gravitational_microlensing,32,0,32,32,0
cern,2,0,2,2,0
tantalus,279,219,60,279,0
alaska,28,0,28,28,0
mourning_becomes_electra,227,177,50,227,0
polyphemus,54,0,54,54,0
waiting_for_the_barbarians,1,0,1,1,0
the_theory_of_the_leisure_class,84,65,19,84,0
strait_of_hormuz,2,0,2,2,0
denkard,21,0,21,21,0
talos,6,0,6,6,0
lima,17,0,17,17,0
cretaceous,7,0,7,7,0
asteroid,18,0,18,18,0
the_bells_(symphony),2,0,2,2,0
ben_jonson,420,160,260,420,0
indifference_curve,35,29,6,35,0
karen_horney,21,0,21,21,0
orestes,55,0,55,55,0
zora_neale_hurston,270,133,137,270,0
maurice_ravel,19,0,19,19,0
basal-cell_carcinoma,9,0,9,9,0
jurgen_habermas,97,97,0,97,0
glyoxylate_cycle,27,0,27,27,0
gibberellin,58,0,58,58,0
gabriel,9,0,9,9,0
puntland,3,0,3,3,0
double-slit_experiment,75,0,75,75,0
manfred_symphony,1,0,1,1,0
kappa_(folklore),12,0,12,12,0
dispersion_(optics),10,0,10,10,0
provisions_of_oxford,80,56,24,80,0
boris_pasternak,372,113,259,372,0
lysine,10,0,10,10,0
chymotrypsin,13,0,13,13,0
asbestos,16,0,16,16,0
lagrangian_mechanics,58,0,58,58,0
mona_lisa,6,0,6,6,0
leukemia,40,0,40,40,0
the_white_goddess,10,0,10,10,0
ralph_vaughan_williams,2,0,2,2,0
vaslav_nijinsky,12,0,12,12,0
carbon_tetrachloride,1,0,1,1,0
dominica,20,0,20,20,0
native_son,702,355,347,702,0
solon,159,88,71,159,0
alvin_toffler,4,0,4,4,0
the_spanish_tragedy,201,72,129,201,0
nestor_(mythology),19,0,19,19,0
gioachino_rossini,3,0,3,3,0
don_giovanni,8,0,8,8,0
johannes_brahms,3,0,3,3,0
transit_of_venus,3,0,3,3,0
gustav_klimt,5,0,5,5,0
theseus,729,333,396,729,0
lillian_hellman,25,0,25,25,0
borders_of_suriname,3,0,3,3,0
bernardo_o'higgins,102,44,58,102,0
hyperion_(moon),5,0,5,5,0
rosalind_franklin,16,0,16,16,0
sonata,5,0,5,5,0
mercury_(planet),35,0,35,35,0
dmitry_kabalevsky,1,0,1,1,0
vagus_nerve,35,0,35,35,0
third_epistle_to_the_corinthians,2,0,2,2,0
belgrade,6,0,6,6,0
ferromagnetism,174,100,74,174,0
jephthah,5,0,5,5,0
wassily_leontief,3,0,3,3,0
hippopotamus,37,0,37,37,0
autoimmunity,23,0,23,23,0
the_lottery,203,143,60,203,0
grashof_number,17,0,17,17,0
cellular_respiration,70,0,70,70,0
treaty_of_waitangi,102,58,44,102,0
andrew_wyeth,2,0,2,2,0
strain_(chemistry),13,0,13,13,0
hestia,17,0,17,17,0
intelligence_quotient,91,0,91,91,0
g._e._moore,9,0,9,9,0
the_milkmaid_(vermeer),7,0,7,7,0
erie_canal,81,24,57,81,0
mean_free_path,12,0,12,12,0
hyperinflation,16,0,16,16,0
alkyne,56,0,56,56,0
rho_meson,2,0,2,2,0
platte_river,19,0,19,19,0
el_dorado,21,0,21,21,0
lake_baikal,11,0,11,11,0
geomagnetic_reversal,6,0,6,6,0
richard_morris_hunt,5,0,5,5,0
valles_marineris,8,0,8,8,0
william_golding,218,144,74,218,0
triboluminescence,7,0,7,7,0
vishnu,281,131,150,281,0
symphony_no._1_(mahler),3,0,3,3,0
eliminative_materialism,9,0,9,9,0
cape_town,25,0,25,25,0
thomas_mann,376,228,148,376,0
nino_rota,1,0,1,1,0
pericles,119,38,81,119,0
jacques_derrida,147,0,147,147,0
the_catcher_in_the_rye,308,114,194,308,0
michael_oakeshott,27,0,27,27,0
sweden,18,0,18,18,0
ronald_dworkin,8,0,8,8,0
daniel_ortega,5,0,5,5,0
fermentation,102,54,48,102,0
mario_vargas_llosa,428,137,291,428,0
seville,4,0,4,4,0
three_dialogues_between_hylas_and_philonous,3,0,3,3,0
uganda,18,0,18,18,0
apollo_and_daphne,4,0,4,4,0
absalom,3,0,3,3,0
deucalion,17,0,17,17,0
dallas,6,0,6,6,0
gustav_mahler,6,0,6,6,0
main_street_(novel),174,133,41,174,0
kura_river,34,0,34,34,0
"alfred,_lord_tennyson",161,48,113,161,0
diamagnetism,123,101,22,123,0
red_tide,1,0,1,1,0
deuterium,96,0,96,96,0
friedrich_schiller,208,120,88,208,0
frederick_winslow_taylor,17,0,17,17,0
metamorphism,5,0,5,5,0
andrea_del_verrocchio,2,0,2,2,0
marcello_malpighi,14,0,14,14,0
plessy_v._ferguson,53,24,29,53,0
velociraptor,15,0,15,15,0
the_antichrist_(book),61,0,61,61,0
edward_jenner,30,22,8,30,0
king_arthur,63,0,63,63,0
albertus_magnus,23,0,23,23,0
frank_lloyd_wright,26,0,26,26,0
starch,20,0,20,20,0
astigmatism,5,0,5,5,0
kazakhstan,13,0,13,13,0
book_of_common_prayer,45,0,45,45,0
stainless_steel,2,0,2,2,0
a_treatise_of_human_nature,116,0,116,116,0
coherence_(physics),29,0,29,29,0
krypton,9,0,9,9,0
marcus_licinius_crassus,111,65,46,111,0
lake_geneva,6,0,6,6,0
v(d)j_recombination,15,0,15,15,0
immunity_(medical),10,0,10,10,0
judith_butler,67,0,67,67,0
san_antonio,1,0,1,1,0
toshiko_akiyoshi,1,0,1,1,0
frans_hals,3,0,3,3,0
hemocyanin,10,0,10,10,0
hugh_capet,97,73,24,97,0
aspartame,21,0,21,21,0
serapis,15,0,15,15,0
persephone,313,0,313,313,0
john_adams_(composer),11,0,11,11,0
analects,18,0,18,18,0
sydney_opera_house,5,0,5,5,0
the_dagda,278,264,14,278,0
erving_goffman,151,89,62,151,0
thomas_bayes,2,0,2,2,0
empedocles,140,118,22,140,0
g._stanley_hall,24,0,24,24,0
francis_fukuyama,33,0,33,33,0
charles_martel,332,156,176,332,0
the_bridge_(long_poem),74,30,44,74,0
ferdinand_magellan,212,137,75,212,0
great_sandy_desert,3,0,3,3,0
franz_brentano,1,0,1,1,0
saponification,1,0,1,1,0
anna_karenina,454,121,333,454,0
lochner_v._new_york,8,0,8,8,0
genetic_drift,11,0,11,11,0
physics_(aristotle),25,0,25,25,0
apsara,29,0,29,29,0
osmotic_pressure,170,139,31,170,0
rainbow_serpent,49,0,49,49,0
cuyahoga_river,8,0,8,8,0
broken_windows_theory,33,0,33,33,0
agar,4,0,4,4,0
monoclonal_antibody_therapy,13,0,13,13,0
structuralism,59,0,59,59,0
antonin_scalia,24,0,24,24,0
determinism,58,0,58,58,0
hypertension,38,0,38,38,0
andrew_jackson,392,147,245,392,0
ijtihad,4,0,4,4,0
nabokov,244,177,67,244,0
coatlicue,27,0,27,27,0
operon,46,37,9,46,0
squid,9,0,9,9,0
ballades_(chopin),4,0,4,4,0
hittite_language,9,0,9,9,0
convection,54,0,54,54,0
amedeo_modigliani,2,0,2,2,0
absinthe,2,0,2,2,0
beloved_(novel),85,54,31,85,0
the_nutcracker,9,0,9,9,0
the_battle_of_alexander_at_issus,9,0,9,9,0
stamen,2,0,2,2,0
county_donegal,1,0,1,1,0
spindle_apparatus,20,0,20,20,0
lakshmi,96,0,96,96,0
eurydice,11,0,11,11,0
ludwig_wittgenstein,71,0,71,71,0
gilbert_and_sullivan,20,0,20,20,0
riemann_zeta_function,12,0,12,12,0
democracy_in_america,6,0,6,6,0
glycine,71,53,18,71,0
ken_kesey,1,0,1,1,0
bighorn_sheep,7,0,7,7,0
tests_of_general_relativity,80,0,80,80,0
konrad_lorenz,14,0,14,14,0
colony_collapse_disorder,23,0,23,23,0
gustave_courbet,1,0,1,1,0
don_pasquale,1,0,1,1,0
the_cunning_little_vixen,2,0,2,2,0
guanine,5,0,5,5,0
xipe_totec,61,0,61,61,0
mustafa_kemal_ataturk,164,130,34,164,0
book_of_ezekiel,9,0,9,9,0
john_hicks,1,0,1,1,0
nimrod,88,0,88,88,0
dubai,16,0,16,16,0
paris_commune,262,163,99,262,0
jefferson_davis,410,144,266,410,0
a_room_with_a_view,437,291,146,437,0
annabel_lee,38,28,10,38,0
ozone,124,0,124,124,0
senegal_river,35,0,35,35,0
sarajevo,12,0,12,12,0
chlorophyll_a,150,132,18,150,0
georgia_(country),15,0,15,15,0
ashgabat,2,0,2,2,0
george_washington_carver,10,0,10,10,0
enki,423,214,209,423,0
keratin,12,0,12,12,0
electronegativity,166,109,57,166,0
problem_of_evil,88,0,88,88,0
tammany_hall,225,143,82,225,0
hippocrates,15,0,15,15,0
bluebeard's_castle,1,0,1,1,0
mass_in_b_minor,3,0,3,3,0
james_the_just,44,0,44,44,0
lipid,166,0,166,166,0
demand_curve,6,0,6,6,0
john_everett_millais,2,0,2,2,0
lines_written_a_few_miles_above_tintern_abbey,92,68,24,92,0
taurus_(constellation),20,0,20,20,0
liquidity_trap,83,76,7,83,0
turandot,9,0,9,9,0
yogacara,23,0,23,23,0
cracking_(chemistry),33,0,33,33,0
hindu_kush,1,0,1,1,0
ethan_allen,210,68,142,210,0
reverse_transcriptase,14,0,14,14,0
the_origins_of_totalitarianism,1,0,1,1,0
endorphins,8,0,8,8,0
aromaticity,37,0,37,37,0
suprematism,1,0,1,1,0
oxidative_phosphorylation,147,0,147,147,0
marie_de'_medici_cycle,180,0,180,180,0
rococo,3,0,3,3,0
synchrotron,7,0,7,7,0
michelangelo,17,0,17,17,0
scurvy,45,18,27,45,0
charles_evans_hughes,273,135,138,273,0
sistine_chapel_ceiling,92,0,92,92,0
william_tecumseh_sherman,309,100,209,309,0
plutonium,77,0,77,77,0
ferrocene,55,0,55,55,0
darjeeling,4,0,4,4,0
peloponnesian_war,237,158,79,237,0
paraguay,152,96,56,152,0
raphael,11,0,11,11,0
robert_bunsen,31,30,1,31,0
geiger_counter,16,0,16,16,0
oak,27,0,27,27,0
color_charge,13,0,13,13,0
robert_schumann,3,0,3,3,0
edward_the_confessor,185,142,43,185,0
bartolomeu_dias,63,55,8,63,0
transfection,1,0,1,1,0
laius,14,0,14,14,0
hundred_schools_of_thought,3,0,3,3,0
symphony_no._9_(beethoven),3,0,3,3,0
berthe_morisot,3,0,3,3,0
l'italiana_in_algeri,1,0,1,1,0
the_second_sex,17,0,17,17,0
eukaryotic_dna_replication,58,0,58,58,0
lactose,1,0,1,1,0
muller's_ratchet,3,0,3,3,0
pupil,14,0,14,14,0
mount_of_olives,10,0,10,10,0
cytosol,62,0,62,62,0
hall_effect,200,121,79,200,0
paris,4,0,4,4,0
intron,26,0,26,26,0
gorgias,45,0,45,45,0
wounded_knee_massacre,191,133,58,191,0
cognitive_dissonance,199,160,39,199,0
halogen,31,0,31,31,0
retinal_ganglion_cell,22,0,22,22,0
crito,5,0,5,5,0
mass_spectrometry,183,87,96,183,0
barium,26,0,26,26,0
hartford_convention,153,112,41,153,0
paul_gauguin,11,0,11,11,0
ghost_dance,40,0,40,40,0
lapland_(region),1,0,1,1,0
anemia,24,0,24,24,0
thor_(comics),5,0,5,5,0
high-temperature_superconductivity,59,0,59,59,0
the_bridge_on_the_river_kwai,1,0,1,1,0
marshall_plan,24,0,24,24,0
nathaniel_hawthorne,489,258,231,489,0
seven_archangels,3,0,3,3,0
epistle_to_the_hebrews,21,0,21,21,0
special_relativity,181,0,181,181,0
titin,1,0,1,1,0
y_chromosome,99,74,25,99,0
carl_bosch,2,0,2,2,0
akbar,328,63,265,328,0
fidelio,8,0,8,8,0
heat_capacity,360,117,243,360,0
the_scarlet_letter,9,0,9,9,0
pele_(deity),267,256,11,267,0
san_andreas_fault,7,0,7,7,0
only_built_4_cuban_linx...,1,0,1,1,0
dark_energy,189,95,94,189,0
jaundice,58,0,58,58,0
gyroscope,39,0,39,39,0
surtr,19,0,19,19,0
also_sprach_zarathustra_(strauss),1,0,1,1,0
swiss_guard,7,0,7,7,0
thor_(marvel_comics),75,0,75,75,0
lilith,214,0,214,214,0
averroes,98,80,18,98,0
flores,5,0,5,5,0
ethanol,162,0,162,162,0
dionysus,794,348,446,794,0
tian_shan,1,0,1,1,0
electrolysis,30,0,30,30,0
marduk,369,339,30,369,0
ordinary_time,4,0,4,4,0
fergana_valley,5,0,5,5,0
semitic_languages,10,0,10,10,0
miguel_de_unamuno,210,157,53,210,0
symphony_no._7_(beethoven),3,0,3,3,0
poynting_vector,114,83,31,114,0
roman_jakobson,7,0,7,7,0
ymir,24,0,24,24,0
the_great_gatsby,473,261,212,473,0
heimskringla,4,0,4,4,0
one_hundred_years_of_solitude,538,153,385,538,0
mishnah,33,0,33,33,0
scanning_tunneling_microscope,33,0,33,33,0
the_natural,5,0,5,5,0
desiderius_erasmus,60,0,60,60,0
hanoi,6,0,6,6,0
alexander_the_great,233,0,233,233,0
cushing's_syndrome,25,0,25,25,0
the_myth_of_sisyphus,3,0,3,3,0
ajanta_caves,22,0,22,22,0
visual_cliff,2,0,2,2,0
lysosomal_storage_disease,11,0,11,11,0
foucault_pendulum,3,0,3,3,0
cerebellum,159,96,63,159,0
new_objectivity,6,0,6,6,0
hall_of_mirrors,2,0,2,2,0
dodo,26,0,26,26,0
streptococcus,4,0,4,4,0
iridium,37,0,37,37,0
grenada,14,0,14,14,0
carmen,9,0,9,9,0
oort_cloud,15,0,15,15,0
battle_of_the_little_bighorn,204,84,120,204,0
renormalization,109,0,109,109,0
hemoglobin,325,123,202,325,0
silent_spring,4,0,4,4,0
federico_garcia_lorca,164,115,49,164,0
cache_(computing),2,0,2,2,0
atreus,88,0,88,88,0
jabberwocky,69,36,33,69,0
south_island,18,0,18,18,0
robert_burns,158,39,119,158,0
nagasaki,55,36,19,55,0
yasunari_kawabata,423,297,126,423,0
midas,104,13,91,104,0
wang_anshi,2,0,2,2,0
gustave_caillebotte,1,0,1,1,0
second_council_of_ephesus,8,0,8,8,0
harry_s._truman,436,81,355,436,0
george_h._pendleton,110,102,8,110,0
bitterroot_range,1,0,1,1,0
parallel_(geometry),2,0,2,2,0
aquarius_(constellation),12,0,12,12,0
wittig_reaction,104,63,41,104,0
harriet_beecher_stowe,230,123,107,230,0
borneo,8,0,8,8,0
william_of_ockham,15,0,15,15,0
jenny_lind,1,0,1,1,0
battle_of_bosworth_field,317,146,171,317,0
origen,91,0,91,91,0
daniel_dennett,9,0,9,9,0
sophocles,270,186,84,270,0
jury_nullification,11,0,11,11,0
lanthanide_contraction,1,0,1,1,0
dylan_thomas,342,165,177,342,0
civilization_and_its_discontents,142,127,15,142,0
chromatography,121,80,41,121,0
victoria_woodhull,136,103,33,136,0
planetary_nebula,42,0,42,42,0
oxyrhynchus,3,0,3,3,0
hermeneutics,83,0,83,83,0
der_rosenkavalier,2,0,2,2,0
nighthawks,4,0,4,4,0
mausoleum_at_halicarnassus,13,0,13,13,0
george_frideric_handel,8,0,8,8,0
robert_louis_stevenson,481,229,252,481,0
hideki_tojo,139,134,5,139,0
anthropic_principle,32,0,32,32,0
nadine_gordimer,324,200,124,324,0
gulliver's_travels,130,52,78,130,0
sympatric_speciation,1,0,1,1,0
horus,208,143,65,208,0
eleanor_of_aquitaine,218,93,125,218,0
louis_brandeis,283,84,199,283,0
motet,2,0,2,2,0
branching_(polymer_chemistry),3,0,3,3,0
arizona,29,0,29,29,0
cirrhosis,48,0,48,48,0
flatworm,39,0,39,39,0
olefin_metathesis,47,0,47,47,0
marcel_mauss,134,117,17,134,0
hand,12,0,12,12,0
john_singer_sargent,3,0,3,3,0
horseshoe_crab,1,0,1,1,0
kin_selection,25,0,25,25,0
operational_amplifier,25,0,25,25,0
james_joyce,60,0,60,60,0
helen_of_troy,184,0,184,184,0
sobek,13,0,13,13,0
marginal_revenue,4,0,4,4,0
fractional_distillation,5,0,5,5,0
fundamental_attribution_error,134,126,8,134,0
esperanto,29,0,29,29,0
modified_newtonian_dynamics,50,0,50,50,0
the_awakening_(chopin_novel),199,108,91,199,0
roger_bacon,43,0,43,43,0
sulfuric_acid,139,61,78,139,0
sumatra,11,0,11,11,0
glucose,108,0,108,108,0
kamchatka_peninsula,4,0,4,4,0
type_ia_supernova,14,0,14,14,0
protein_kinase,29,0,29,29,0
stark_effect,205,156,49,205,0
tess_of_the_d'urbervilles,404,81,323,404,0
lucy_(australopithecus),9,0,9,9,0
the_waste_land,247,97,150,247,0
influenza_a_virus_subtype_h1n1,8,0,8,8,0
gutzon_borglum,3,0,3,3,0
gabon,1,0,1,1,0
plasmid,13,0,13,13,0
thomas_young_(scientist),16,0,16,16,0
galileo_galilei,55,0,55,55,0
galilean_moons,9,0,9,9,0
pollination,3,0,3,3,0
kaaba,120,94,26,120,0
caspar_david_friedrich,12,0,12,12,0
torque,175,129,46,175,0
meristem,51,0,51,51,0
botswana,10,0,10,10,0
john_a._macdonald,249,128,121,249,0
milky_way,28,0,28,28,0
bernard_malamud,207,136,71,207,0
komodo_dragon,22,0,22,22,0
spermatogenesis,20,0,20,20,0
tibia,9,0,9,9,0
the_origin_of_the_work_of_art,7,0,7,7,0
string_theory,121,0,121,121,0
passover,89,0,89,89,0
diet_of_worms,103,77,26,103,0
leon_festinger,38,0,38,38,0
recess_appointment,1,0,1,1,0
pwyll,11,0,11,11,0
pineapple,9,0,9,9,0
the_open_boat,11,0,11,11,0
andrea_del_sarto,1,0,1,1,0
henry_purcell,9,0,9,9,0
two_dogmas_of_empiricism,120,115,5,120,0
violin_concerto_no._4_(paganini),2,0,2,2,0
pierre-auguste_renoir,1,0,1,1,0
simone_de_beauvoir,156,118,38,156,0
mary_baker_eddy,128,59,69,128,0
adenosine_triphosphate,265,106,159,265,0
minnesota,10,0,10,10,0
vandals,167,120,47,167,0
geography_of_mozambique,17,0,17,17,0
kurt_koffka,3,0,3,3,0
savannah_river,13,0,13,13,0
george_eliot,348,185,163,348,0
schwarzschild_metric,21,0,21,21,0
guatemala,15,0,15,15,0
tuberculosis,93,66,27,93,0
haiti,36,0,36,36,0
jimmy_carter,317,118,199,317,0
brownian_motion,241,94,147,241,0
alexander_pushkin,270,142,128,270,0
basal_ganglia,45,0,45,45,0
formal_charge,10,0,10,10,0
hagar,24,0,24,24,0
london_dispersion_force,8,0,8,8,0
combustion,73,0,73,73,0
robert_k._merton,162,114,48,162,0
the_presentation_of_self_in_everyday_life,79,79,0,79,0
ishi,11,0,11,11,0
sarawak,10,0,10,10,0
positron,17,0,17,17,0
pikes_peak,2,0,2,2,0
the_bostonians,246,209,37,246,0
larynx,12,0,12,12,0
naphthalene,37,0,37,37,0
vedas,47,0,47,47,0
zeno's_paradoxes,3,0,3,3,0
taliesin_west,1,0,1,1,0
papyrus,1,0,1,1,0
nutation,8,0,8,8,0
francisco_pizarro,164,98,66,164,0
rubisco,173,110,63,173,0
semele,71,0,71,71,0
alexander_ii_of_russia,338,221,117,338,0
louis_althusser,109,0,109,109,0
nergal,14,0,14,14,0
vulcanization,13,0,13,13,0
louis_pasteur,36,22,14,36,0
john_wilkes_booth,256,68,188,256,0
stroop_effect,8,0,8,8,0
hydrochloric_acid,16,0,16,16,0
t._s._eliot,237,71,166,237,0
palladium,26,0,26,26,0
charles_de_gaulle,557,150,407,557,0
antonio_gramsci,26,0,26,26,0
kentucky,8,0,8,8,0
hyperborea,7,0,7,7,0
leprosy,21,0,21,21,0
greg_graffin,4,0,4,4,0
kamadeva,47,0,47,47,0
graphene,291,0,291,291,0
john_quincy_adams,425,152,273,425,0
edgar_allan_poe,314,94,220,314,0
jean_racine,397,189,208,397,0
congress_of_berlin,186,145,41,186,0
der_freischutz,1,0,1,1,0
first_battle_of_bull_run,135,102,33,135,0
phenotype,4,0,4,4,0
scapula,48,17,31,48,0
david_lewis_(philosopher),5,0,5,5,0
functional_programming,6,0,6,6,0
coevolution,6,0,6,6,0
chitin,1,0,1,1,0
john_hay,129,111,18,129,0
guayaquil,6,0,6,6,0
vitus_bering,151,84,67,151,0
rachel_carson,43,0,43,43,0
tuscany,4,0,4,4,0
"mary,_queen_of_scots",157,65,92,157,0
boiling-point_elevation,13,0,13,13,0
dream_of_the_red_chamber,222,178,44,222,0
wheatstone_bridge,4,0,4,4,0
romeo_and_juliet_(tchaikovsky),1,0,1,1,0
alphonse_mucha,1,0,1,1,0
unemployment,116,42,74,116,0
graham_greene,398,134,264,398,0
congo_(bbc_tv_series),6,0,6,6,0
torah,48,0,48,48,0
francis_crick,31,0,31,31,0
dopamine,233,63,170,233,0
scattering,44,0,44,44,0
elk,16,0,16,16,0
bhutan,27,0,27,27,0
elm,18,0,18,18,0
monoclonal_antibody,52,0,52,52,0
children_of_paradise,15,0,15,15,0
elf,61,0,61,61,0
sargasso_sea,1,0,1,1,0
kelp,5,0,5,5,0
symphony_no._7_(mahler),2,0,2,2,0
alexander_scriabin,5,0,5,5,0
miles_davis,4,0,4,4,0
cardinal_mazarin,60,42,18,60,0
embargo_act_of_1807,128,112,16,128,0
charles_lindbergh,208,53,155,208,0
martin_buber,43,0,43,43,0
cyclic_adenosine_monophosphate,110,71,39,110,0
the_carnival_of_the_animals,1,0,1,1,0
e._o._wilson,15,0,15,15,0
estonian_language,6,0,6,6,0
conformational_isomerism,16,0,16,16,0
violin_sonata_no._9_(beethoven),1,0,1,1,0
antimatter,51,0,51,51,0
agatha_christie,362,70,292,362,0
balearic_islands,13,0,13,13,0
the_grapes_of_wrath,247,153,94,247,0
gulf_of_california,8,0,8,8,0
wars_of_the_roses,340,170,170,340,0
iris_(mythology),12,0,12,12,0
the_closing_of_the_american_mind,8,0,8,8,0
menopause,50,0,50,50,0
imprinting_(psychology),7,0,7,7,0
daniel_defoe,348,129,219,348,0
taiping_rebellion,147,111,36,147,0
equation_of_state,93,0,93,93,0
artemisinin,33,0,33,33,0
benito_cereno,255,238,17,255,0
bovine_immunodeficiency_virus,9,0,9,9,0
genomic_imprinting,22,0,22,22,0
pepin_the_short,122,76,46,122,0
epiphany_(holiday),112,0,112,112,0
just_war_theory,4,0,4,4,0
demarcation_problem,8,0,8,8,0
immune_system,166,0,166,166,0
battle_of_marathon,247,158,89,247,0
ephedrine,14,0,14,14,0
symphony_no._6_(beethoven),2,0,2,2,0
helicobacter_pylori,71,0,71,71,0
spleen,129,97,32,129,0
apatosaurus,3,0,3,3,0
sea_of_azov,16,0,16,16,0
my_last_duchess,97,73,24,97,0
lorenz_curve,2,0,2,2,0
estonia,6,0,6,6,0
gauss's_law,6,0,6,6,0
jacques_marquette,61,38,23,61,0
phoneme,5,0,5,5,0
the_feminine_mystique,7,0,7,7,0
entropy_(statistical_thermodynamics),40,0,40,40,0
annales_school,9,0,9,9,0
lake_chad,1,0,1,1,0
tin,31,0,31,31,0
dead_sea,22,0,22,22,0
gershom_scholem,4,0,4,4,0
elysium,19,0,19,19,0
turnus,7,0,7,7,0
vyasa,65,0,65,65,0
oliver_goldsmith,187,118,69,187,0
the_death_of_marat,1,0,1,1,0
skara_brae,1,0,1,1,0
mossbauer_effect,165,165,0,165,0
arthur_schopenhauer,267,68,199,267,0
edmond_halley,4,0,4,4,0
hildegard_of_bingen,33,0,33,33,0
plasmon,16,0,16,16,0
reynolds_number,146,98,48,146,0
francis_poulenc,1,0,1,1,0
tollens'_reagent,23,0,23,23,0
things_fall_apart,417,247,170,417,0
atahualpa,168,152,16,168,0
bremsstrahlung,6,0,6,6,0
abbas_kiarostami,8,0,8,8,0
frederick_law_olmsted,6,0,6,6,0
ulna,3,0,3,3,0
emperor_penguin,10,0,10,10,0
antiferromagnetism,98,88,10,98,0
leonardo_da_vinci,34,0,34,34,0
deirdre,216,196,20,216,0
robert_henri,4,0,4,4,0
philippines,30,0,30,30,0
abraham_in_islam,25,0,25,25,0
louisiana_purchase,198,110,88,198,0
bahia,8,0,8,8,0
intertropical_convergence_zone,1,0,1,1,0
ixion,15,0,15,15,0
apology_(plato),163,144,19,163,0
lake_winnipeg,2,0,2,2,0
hydrogen_bond,165,117,48,165,0
golden_calf,16,0,16,16,0
lhasa,25,0,25,25,0
vachel_lindsay,117,53,64,117,0
crab_nebula,19,0,19,19,0
gresham's_law,9,0,9,9,0
the_disasters_of_war,12,0,12,12,0
the_communist_manifesto,7,0,7,7,0
kami,50,0,50,50,0
piezoelectricity,217,136,81,217,0
antoine_watteau,1,0,1,1,0
lyme_disease,81,26,55,81,0
dublin,5,0,5,5,0
mauritius,14,0,14,14,0
glacial_river_warren,2,0,2,2,0
resonance,76,0,76,76,0
iron_law_of_wages,2,0,2,2,0
bacterial_conjugation,12,0,12,12,0
william_walker_(filibuster),86,44,42,86,0
henry_vii_of_england,204,111,93,204,0
isle_of_man,12,0,12,12,0
runes,23,0,23,23,0
bayeux_tapestry,18,0,18,18,0
patch_clamp,2,0,2,2,0
athena,613,200,413,613,0
ansel_adams,9,0,9,9,0
edna_st._vincent_millay,81,44,37,81,0
villa_savoye,1,0,1,1,0
maximum_likelihood,7,0,7,7,0
penobscot_river,2,0,2,2,0
great_dismal_swamp,1,0,1,1,0
confucius,44,0,44,44,0
amedeo_avogadro,5,0,5,5,0
world-systems_theory,32,0,32,32,0
iodine,127,0,127,127,0
epoxide,48,0,48,48,0
amazons,168,10,158,168,0
logotherapy,22,0,22,22,0
distillation,122,71,51,122,0
two_concepts_of_liberty,4,0,4,4,0
andromeda_galaxy,22,0,22,22,0
stroke,73,0,73,73,0
pearl_s._buck,149,113,36,149,0
hydrogen,176,0,176,176,0
osmosis,12,0,12,12,0
edward_thorndike,22,0,22,22,0
suez_crisis,489,157,332,489,0
dorr_rebellion,180,171,9,180,0
henry_walter_bates,2,0,2,2,0
thomas_hunt_morgan,19,0,19,19,0
lev_vygotsky,165,93,72,165,0
chemical_shift,16,0,16,16,0
mikhail_lermontov,61,0,61,61,0
endymion_(mythology),6,0,6,6,0
nernst_equation,210,148,62,210,0
zinc_finger,18,0,18,18,0
vanadium,58,0,58,58,0
devi,124,0,124,124,0
a_streetcar_named_desire_(play),139,45,94,139,0
the_importance_of_being_earnest,386,166,220,386,0
odysseus,443,132,311,443,0
auxin,83,0,83,83,0
oceanic_feeling,3,0,3,3,0
estuary,2,0,2,2,0
eris_(mythology),33,0,33,33,0
jawaharlal_nehru,359,191,168,359,0
dance_(nina_girado_song),1,0,1,1,0
peter_and_the_wolf,1,0,1,1,0
apep,10,0,10,10,0
density_matrix,23,0,23,23,0
beowulf_(hero),85,51,34,85,0
daniel_kahneman,7,0,7,7,0
roger_b._taney,158,92,66,158,0
density_functional_theory,33,0,33,33,0
mantle_plume,14,0,14,14,0
discourse_on_the_method,17,0,17,17,0
pharynx,7,0,7,7,0
john_calvin,61,0,61,61,0
wallerian_degeneration,37,0,37,37,0
tzvetan_todorov,1,0,1,1,0
rough_riders,99,73,26,99,0
acetone,6,0,6,6,0
missouri_compromise,128,116,12,128,0
advent,5,0,5,5,0
william_ewart_gladstone,270,67,203,270,0
oratorio,1,0,1,1,0
the_age_of_reason,66,0,66,66,0
alexandre_dumas,6,0,6,6,0
alfred_sisley,1,0,1,1,0
melting_point,30,0,30,30,0
equestrian_statue_of_gattamelata,2,0,2,2,0
tokugawa_shogunate,176,151,25,176,0
salman_rushdie,291,145,146,291,0
a_tale_of_two_cities,350,47,303,350,0
benito_juarez,135,74,61,135,0
developmental_biology,21,0,21,21,0
the_handmaid's_tale,85,13,72,85,0
jane_eyre,727,263,464,727,0
isotope,42,0,42,42,0
battle_of_bannockburn,132,102,30,132,0
methylation,13,0,13,13,0
fashoda_incident,149,140,9,149,0
louis_spohr,1,0,1,1,0
solipsism,64,0,64,64,0
de_rerum_natura,21,0,21,21,0
mohism,19,0,19,19,0
glucagon,49,0,49,49,0
henri_rousseau,1,0,1,1,0
dar_es_salaam,9,0,9,9,0
reductionism,49,0,49,49,0
cybernetics,26,0,26,26,0
ereshkigal,14,0,14,14,0
henry_wadsworth_longfellow,506,143,363,506,0
lord_byron,407,186,221,407,0
angel_falls,3,0,3,3,0
zollverein,9,0,9,9,0
maxwell's_demon,26,0,26,26,0
the_school_of_athens,16,0,16,16,0
hadrian,194,112,82,194,0
circe,73,0,73,73,0
monetary_policy,41,0,41,41,0
oda_nobunaga,199,152,47,199,0
nuclear_shell_model,32,0,32,32,0
mozart_piano_concertos,1,0,1,1,0
science_and_health_with_key_to_the_scriptures,1,0,1,1,0
tempera,2,0,2,2,0
eero_saarinen,1,0,1,1,0
chattahoochee_river,24,0,24,24,0
promethium,25,0,25,25,0
harun_al-rashid,6,0,6,6,0
henry_the_navigator,165,128,37,165,0
iris_(anatomy),24,0,24,24,0
peasants'_revolt,190,86,104,190,0
parallel_postulate,4,0,4,4,0
edward_hopper,6,0,6,6,0
djoser,6,0,6,6,0
stanley_milgram,170,151,19,170,0
influenza_a_virus,21,0,21,21,0
mindanao,32,0,32,32,0
zurvanism,26,0,26,26,0
gideon,2,0,2,2,0
kidnapped_(novel),133,25,108,133,0
benin,9,0,9,9,0
percival_lowell,11,0,11,11,0
malpighian_tubule_system,5,0,5,5,0
farthing_(english_coin),3,0,3,3,0
marcel_duchamp,14,0,14,14,0
virgo_(constellation),4,0,4,4,0
the_republic_(plato),253,98,155,253,0
charles_ives,7,0,7,7,0
nucleolus,77,66,11,77,0
jakarta,19,0,19,19,0
the_phantom_of_the_opera_(1986_musical),5,0,5,5,0
ivanhoe,315,165,150,315,0
panopticon,5,0,5,5,0
dandruff,3,0,3,3,0
cecrops_i,35,0,35,35,0
joseph_haydn,6,0,6,6,0
ernst_ludwig_kirchner,3,0,3,3,0
the_feast_of_the_gods,4,0,4,4,0
hans-georg_gadamer,47,0,47,47,0
book_of_numbers,16,0,16,16,0
turbidity_current,10,0,10,10,0
dowry,52,0,52,52,0
drag_(physics),34,0,34,34,0
yo-yo_ma,1,0,1,1,0
the_garden_of_earthly_delights,81,0,81,81,0
niagara_falls,13,0,13,13,0
small_intestine,100,83,17,100,0
gary_becker,36,0,36,36,0
john_brown_(abolitionist),441,135,306,441,0
absolute_zero,76,0,76,76,0
third_law_of_thermodynamics,26,0,26,26,0
lise_meitner,19,0,19,19,0
cepheid_variable,7,0,7,7,0
rwanda,39,0,39,39,0
niels_bohr,153,87,66,153,0
flow_cytometry,17,0,17,17,0
st._bartholomew's_day_massacre,152,82,70,152,0
anton_webern,1,0,1,1,0
joseph_heller,64,38,26,64,0
diode,80,0,80,80,0
rubaiyat_of_omar_khayyam,5,0,5,5,0
nauru,2,0,2,2,0
cortisol,95,0,95,95,0
article_four_of_the_united_states_constitution,4,0,4,4,0
light_in_august,405,282,123,405,0
young's_modulus,6,0,6,6,0
kinetic_energy,74,0,74,74,0
libya,28,0,28,28,0
jericho,7,0,7,7,0
peptidoglycan,98,74,24,98,0
robinson_annulation,21,0,21,21,0
berry,1,0,1,1,0
le_havre,10,0,10,10,0
gastrulation,10,0,10,10,0
aaron_copland,8,0,8,8,0
the_night_watch,1,0,1,1,0
arius,23,0,23,23,0
carl_rogers,123,83,40,123,0
quinine,7,0,7,7,0
arecibo_observatory,4,0,4,4,0
vilfredo_pareto,59,46,13,59,0
mole_(unit),10,0,10,10,0
antoine_lavoisier,11,0,11,11,0
rub'_al_khali,3,0,3,3,0
kaon,12,0,12,12,0
riboswitch,5,0,5,5,0
liar_paradox,4,0,4,4,0
equilibrium_constant,180,104,76,180,0
rudolf_carnap,10,0,10,10,0
octahedral_molecular_geometry,2,0,2,2,0
simple_harmonic_motion,1,0,1,1,0
bonampak,2,0,2,2,0
book_of_exodus,21,0,21,21,0
author,9,0,9,9,0
ethiopia,278,149,129,278,0
rear_window,4,0,4,4,0
fugitive_slave_laws,93,88,5,93,0
helen_(play),9,0,9,9,0
null_hypothesis,4,0,4,4,0
john_b._watson,142,95,47,142,0
doppler_effect,168,134,34,168,0
sikhism,243,143,100,243,0
albert_ellis,36,0,36,36,0
electromagnetism,68,0,68,68,0
eucalyptus,21,0,21,21,0
pennsylvania,12,0,12,12,0
the_tempest_(giorgione),2,0,2,2,0
sherman_antitrust_act,119,99,20,119,0
d._h._lawrence,680,238,442,680,0
golden_stool,4,0,4,4,0
brisbane,4,0,4,4,0
valmiki,2,0,2,2,0
the_sun_also_rises,385,108,277,385,0
karlheinz_stockhausen,5,0,5,5,0
ceres_(dwarf_planet),11,0,11,11,0
napoleon_iii,826,221,605,826,0
star_formation,12,0,12,12,0
empiricism,66,0,66,66,0
the_guide_for_the_perplexed,167,124,43,167,0
cesare_beccaria,7,0,7,7,0
giffen_good,5,0,5,5,0
henry_cavendish,8,0,8,8,0
holy_grail,23,0,23,23,0
inflation,117,56,61,117,0
edwin_arlington_robinson,171,134,37,171,0
parity_(physics),36,0,36,36,0
barnett_newman,2,0,2,2,0
j._l._austin,4,0,4,4,0
salem_witch_trials,172,76,96,172,0
molly_maguires,216,142,74,216,0
kubla_khan,498,87,411,498,0
a_shropshire_lad,195,148,47,195,0
fatwa,13,0,13,13,0
manuel_puig,63,33,30,63,0
thutmose_i,10,0,10,10,0
greenback_party,134,98,36,134,0
luxembourg,3,0,3,3,0
the_misanthrope,86,63,23,86,0
thomson_scattering,13,0,13,13,0
karl_barth,79,66,13,79,0
emilio_aguinaldo,184,163,21,184,0
hudson_river,20,0,20,20,0
afrikaans,4,0,4,4,0
swan_lake,9,0,9,9,0
arthashastra,9,0,9,9,0
scanning_electron_microscope,46,0,46,46,0
free-electron_laser,14,0,14,14,0
brittany,13,0,13,13,0
hypothalamus,97,46,51,97,0
michael_(archangel),66,0,66,66,0
binary_pulsar,3,0,3,3,0
flocculation,3,0,3,3,0
jane_jacobs,57,0,57,57,0
the_carracci,3,0,3,3,0
penelope,10,0,10,10,0
the_great_gatsby_(2013_film),2,0,2,2,0
cnidaria,105,63,42,105,0
corsica,1,0,1,1,0
thomas_jefferson,673,145,528,673,0
orlando_furioso,149,77,72,149,0
geography_of_azerbaijan,10,0,10,10,0
la_sonnambula,1,0,1,1,0
guillaume_de_machaut,5,0,5,5,0
girolamo_savonarola,191,145,46,191,0
hansel_and_gretel_(opera),3,0,3,3,0
santiago_calatrava,2,0,2,2,0
hermann_emil_fischer,5,0,5,5,0
edmund_spenser,183,145,38,183,0
james_clerk_maxwell,24,0,24,24,0
eniac,5,0,5,5,0
theodor_w._adorno,178,0,178,178,0
circadian_rhythm,38,0,38,38,0
the_planets,3,0,3,3,0
hart_crane,184,75,109,184,0
metastasis,35,0,35,35,0
minneapolis,7,0,7,7,0
lichen,24,0,24,24,0
helicase,74,0,74,74,0
the_house_of_the_seven_gables,162,70,92,162,0
yellow_fever,37,0,37,37,0
francis_xavier,59,0,59,59,0
martin_van_buren,200,88,112,200,0
lethe,6,0,6,6,0
bilirubin,14,0,14,14,0
octavio_paz,236,149,87,236,0
okavango_river,2,0,2,2,0
snell's_law,36,0,36,36,0
newgrange,11,0,11,11,0
babylon,16,0,16,16,0
artemisia_gentileschi,22,0,22,22,0
superconductivity,239,127,112,239,0
tebbe's_reagent,17,0,17,17,0
johann_sebastian_bach,3,0,3,3,0
duino_elegies,183,99,84,183,0
falstaff,150,140,10,150,0
dante_gabriel_rossetti,1,0,1,1,0
angiogenesis,77,0,77,77,0
giacomo_puccini,1,0,1,1,0
assassins,30,0,30,30,0
wozzeck,2,0,2,2,0
phillips_curve,97,39,58,97,0
a._a._milne,180,143,37,180,0
riemann_sphere,8,0,8,8,0
desert_pavement,3,0,3,3,0
major_barbara,155,132,23,155,0
calvin_coolidge,253,88,165,253,0
temporal_lobe,2,0,2,2,0
the_ambassadors_(holbein),1,0,1,1,0
the_master_builder,298,260,38,298,0
giotto,4,0,4,4,0
conspicuous_consumption,2,0,2,2,0
gilbert_n._lewis,45,0,45,45,0
jerome,7,0,7,7,0
magna_carta,217,125,92,217,0
carpal_tunnel_syndrome,17,0,17,17,0
aaron,172,127,45,172,0
the_scapegoat_(painting),1,0,1,1,0
sons_of_liberty,2,0,2,2,0
geography_of_madagascar,18,0,18,18,0
esther,29,0,29,29,0
fallopian_tube,26,0,26,26,0
heme,66,0,66,66,0
arthur_laffer,4,0,4,4,0
hemp,10,0,10,10,0
frank_gehry,7,0,7,7,0
high-performance_liquid_chromatography,66,0,66,66,0
hmong_people,2,0,2,2,0
great_attractor,1,0,1,1,0
telomerase_reverse_transcriptase,23,0,23,23,0
orphism_(art),2,0,2,2,0
olfactory_nerve,8,0,8,8,0
vulcanoid_asteroid,5,0,5,5,0
radial_distribution_function,27,0,27,27,0
marc_chagall,18,0,18,18,0
shahada,2,0,2,2,0
gametophyte,3,0,3,3,0
lucas_critique,1,0,1,1,0
carpathian_mountains,3,0,3,3,0
fugue,4,0,4,4,0
leda_and_the_swan,10,0,10,10,0
dharma_initiative,11,0,11,11,0
ising_model,273,0,273,273,0
the_threepenny_opera,3,0,3,3,0
st._louis,8,0,8,8,0
haemophilia,11,0,11,11,0
venus_flytrap,14,0,14,14,0
who's_afraid_of_virginia_woolf?,260,92,168,260,0
florence,5,0,5,5,0
geoffrey_chaucer,234,145,89,234,0
sisyphus,166,131,35,166,0
cantata,1,0,1,1,0
c._wright_mills,79,47,32,79,0
charles_i_of_england,23,0,23,23,0
minos,342,173,169,342,0
thomas_reid,19,0,19,19,0
oboe,6,0,6,6,0
recombination_(cosmology),4,0,4,4,0
spin_quantum_number,28,0,28,28,0
paradise_lost,216,119,97,216,0
the_iceman_cometh,293,232,61,293,0
the_great_transformation_(book),5,0,5,5,0
pelops,102,0,102,102,0
sedna_(mythology),7,0,7,7,0
icosahedron,11,0,11,11,0
herbie_hancock,3,0,3,3,0
methodism,36,0,36,36,0
logo_(programming_language),4,0,4,4,0
corfu,35,0,35,35,0
raphael_(archangel),4,0,4,4,0
staphylococcus_aureus,31,0,31,31,0
albert_schweitzer,27,0,27,27,0
johannesburg,17,0,17,17,0
vajra,33,0,33,33,0
the_house_of_mirth,195,156,39,195,0
alkaline_earth_metal,21,0,21,21,0
the_alchemist_(play),108,42,66,108,0
wilhelm_wundt,137,126,11,137,0
e._e._cummings,12,0,12,12,0
cadmium,30,0,30,30,0
deep_inelastic_scattering,4,0,4,4,0
charles-valentin_alkan,7,0,7,7,0
the_mind_of_primitive_man,7,0,7,7,0
sea_urchin,53,0,53,53,0
michael_j._s._dewar,1,0,1,1,0
giuseppe_verdi,6,0,6,6,0
gospel_of_mark,17,0,17,17,0
lady_windermere's_fan,236,145,91,236,0
dna_barcoding,3,0,3,3,0
quantum_chromodynamics,89,0,89,89,0
j._r._r._tolkien,126,0,126,126,0
arthur_sullivan,21,0,21,21,0
milton_friedman,152,63,89,152,0
pedro_alvares_cabral,181,44,137,181,0
samuel_von_pufendorf,1,0,1,1,0
jordan_river,1,0,1,1,0
jean_genet,210,121,89,210,0
horse_sacrifice,1,0,1,1,0
book_of_deuteronomy,24,0,24,24,0
gram-negative_bacteria,10,0,10,10,0
hilary_putnam,77,0,77,77,0
abacus,3,0,3,3,0
the_house_of_the_spirits,300,161,139,300,0
king_james_version,22,0,22,22,0
mephisto_waltzes,3,0,3,3,0
maltose,7,0,7,7,0
middlemarch,243,87,156,243,0
tennessee_williams,344,179,165,344,0
the_brothers_karamazov,426,164,262,426,0
nicotine,107,0,107,107,0
isothermal_process,6,0,6,6,0
perpetual_peace,2,0,2,2,0
"yvain,_the_knight_of_the_lion",6,0,6,6,0
stagflation,46,0,46,46,0
margaret_sanger,90,40,50,90,0
alcohol,166,84,82,166,0
stream_of_consciousness_(narrative_mode),8,0,8,8,0
ayn_rand,73,0,73,73,0
tallinn,3,0,3,3,0
cytotoxic_t_cell,16,0,16,16,0
battle_of_antietam,187,87,100,187,0
einstein_on_the_beach,2,0,2,2,0
carl_jung,66,0,66,66,0
hans_holbein_the_younger,17,0,17,17,0
prejudice,51,0,51,51,0
frigg,81,0,81,81,0
van_allen_radiation_belt,8,0,8,8,0
base_(chemistry),6,0,6,6,0
continental_drift,1,0,1,1,0
marquesas_islands,9,0,9,9,0
tlaloc,291,209,82,291,0
double_bass,13,0,13,13,0
social_darwinism,122,0,122,122,0
potential_flow,25,0,25,25,0
temperature,193,0,193,193,0
gamelan,18,0,18,18,0
moab,27,0,27,27,0
esau,8,0,8,8,0
folic_acid,52,0,52,52,0
revolver_(beatles_album),8,0,8,8,0
verdun,132,109,23,132,0
ecuador,35,0,35,35,0
physiocracy,5,0,5,5,0
canossa,62,46,16,62,0
adonis,42,0,42,42,0
everglades,22,0,22,22,0
jack_kerouac,228,73,155,228,0
giovanni_schiaparelli,3,0,3,3,0
pi_backbonding,2,0,2,2,0
lake_titicaca,10,0,10,10,0
dalai_lama,3,0,3,3,0
phagocyte,108,0,108,108,0
mesoderm,18,0,18,18,0
young_british_artists,2,0,2,2,0
freakonomics,4,0,4,4,0
the_merchant_of_venice,229,100,129,229,0
smallpox,32,0,32,32,0
ralph_ellison,153,110,43,153,0
the_agnew_clinic,1,0,1,1,0
catch-22,5,0,5,5,0
james_monroe,290,131,159,290,0
kenzaburo_oe,274,242,32,274,0
charles_lamb,197,128,69,197,0
lamb_shift,8,0,8,8,0
fresco,2,0,2,2,0
yukon_river,5,0,5,5,0
soliton,18,0,18,18,0
polyethylene,20,0,20,20,0
kangchenjunga,2,0,2,2,0
artemis,625,164,461,625,0
radio_telescope,6,0,6,6,0
amerigo_vespucci,145,100,45,145,0
amphibian,93,0,93,93,0
chola_dynasty,45,0,45,45,0
claudius,249,168,81,249,0
ben_shahn,2,0,2,2,0
kosovo,3,0,3,3,0
louis_de_broglie,25,0,25,25,0
great_northern_war,299,150,149,299,0
moses,356,0,356,356,0
michael_faraday,20,0,20,20,0
hiv,146,56,90,146,0
nikolai_gogol,303,142,161,303,0
cd4,3,0,3,3,0
fidel_castro,356,84,272,356,0
war_and_peace,592,116,476,592,0
compiler,3,0,3,3,0
sierra_leone,12,0,12,12,0
huntington's_disease,71,0,71,71,0
xyz_affair,100,85,15,100,0
barr_body,2,0,2,2,0
raman_spectroscopy,62,0,62,62,0
the_comedy_of_errors,99,46,53,99,0
lord_of_the_flies,334,150,184,334,0
upton_sinclair,231,116,115,231,0
a_theory_of_justice,96,64,32,96,0
the_death_of_general_wolfe,3,0,3,3,0
alcubierre_drive,5,0,5,5,0
gertrude_stein,378,176,202,378,0
orisha,6,0,6,6,0
heinrich_schliemann,121,99,22,121,0
vedanta,26,0,26,26,0
yukio_mishima,275,177,98,275,0
trinucleotide_repeat_disorder,21,0,21,21,0
haile_selassie,276,80,196,276,0
against_the_sophists,5,0,5,5,0
attention,57,0,57,57,0
inertia,45,0,45,45,0
claisen_rearrangement,50,38,12,50,0
habeas_corpus,7,0,7,7,0
constructivism_(art),4,0,4,4,0
g_protein-coupled_receptor,138,0,138,138,0
amesha_spenta,12,0,12,12,0
nicomachean_ethics,106,0,106,106,0
"annunciation_(van_eyck,_washington)",2,0,2,2,0
emmanuel_levinas,7,0,7,7,0
tiamat,90,0,90,90,0
wallace_stevens,132,37,95,132,0
java,36,0,36,36,0
the_trial,271,175,96,271,0
androstenedione,6,0,6,6,0
kinetic_theory,63,0,63,63,0
ernst_gombrich,6,0,6,6,0
maser,9,0,9,9,0
algeria,12,0,12,12,0
john_tyler,476,133,343,476,0
vienna_circle,10,0,10,10,0
demand,17,0,17,17,0
olympus_mons,8,0,8,8,0
gilbert_ryle,124,116,8,124,0
shamash,12,0,12,12,0
george_herbert_mead,40,0,40,40,0
vlasov_equation,6,0,6,6,0
douro,7,0,7,7,0
classical_conditioning,31,0,31,31,0
styx,1,0,1,1,0
zeeman_effect,185,130,55,185,0
mach_number,18,0,18,18,0
austrian_school,78,0,78,78,0
egon_schiele,4,0,4,4,0
"the_general_theory_of_employment,_interest_and_money",35,0,35,35,0
war_of_the_pacific,211,98,113,211,0
robert_andrews_millikan,23,0,23,23,0
boltzmann_equation,69,0,69,69,0
monticello,5,0,5,5,0
benjamin_henry_latrobe,2,0,2,2,0
saccharomyces_cerevisiae,25,0,25,25,0
avicenna,111,0,111,111,0
nullarbor_plain,3,0,3,3,0
lohengrin_(opera),5,0,5,5,0
lake_victoria,20,0,20,20,0
francisco_vasquez_de_coronado,59,28,31,59,0
don_delillo,9,0,9,9,0
pollen,20,0,20,20,0
a_good_man_is_hard_to_find_(short_story),144,85,59,144,0
endoplasmic_reticulum,156,126,30,156,0
glueball,5,0,5,5,0
symphony_no._3_(mahler),2,0,2,2,0
saul_kripke,17,0,17,17,0
omphale,37,0,37,37,0
moses_mendelssohn,31,0,31,31,0
sufism,95,0,95,95,0
alpha_helix,53,0,53,53,0
hiroshima_mon_amour,1,0,1,1,0
the_snow_maiden,2,0,2,2,0
gunter_grass,146,53,93,146,0
intentionality,4,0,4,4,0
cosmological_constant,106,71,35,106,0
geography_of_tanzania,8,0,8,8,0
josiah_willard_gibbs,83,0,83,83,0
clitic,2,0,2,2,0
lake_ontario,17,0,17,17,0
jun'ichiro_tanizaki,479,157,322,479,0
jane_eyre_(character),176,84,92,176,0
the_pilgrim's_progress,44,0,44,44,0
hecuba,28,0,28,28,0
percy_bysshe_shelley,430,52,378,430,0
john_field_(composer),1,0,1,1,0
nairobi,17,0,17,17,0
isaac_bashevis_singer,209,138,71,209,0
amniocentesis,13,0,13,13,0
snake_handling,1,0,1,1,0
pascal's_wager,18,0,18,18,0
charles_stewart_parnell,310,229,81,310,0
stockholm_syndrome,4,0,4,4,0
phenolphthalein,5,0,5,5,0
henri_bergson,312,124,188,312,0
jonathan_swift,262,138,124,262,0
symphony_no._4_(mahler),2,0,2,2,0
osmium,43,0,43,43,0
atlantic_charter,94,82,12,94,0
boltzmann_constant,35,0,35,35,0
il_trovatore,6,0,6,6,0
mount_shasta,2,0,2,2,0
benedict_arnold,259,86,173,259,0
glaucoma,34,0,34,34,0
western_sahara,2,0,2,2,0
lambda_calculus,10,0,10,10,0
gujarat,37,0,37,37,0
popol_vuh,2,0,2,2,0
umberto_eco,198,125,73,198,0
mitosis,45,0,45,45,0
herbert_hoover,419,112,307,419,0
laws_of_thermodynamics,14,0,14,14,0
madagascar,27,0,27,27,0
gamal_abdel_nasser,347,142,205,347,0
j._m._w._turner,6,0,6,6,0
capacitance,117,68,49,117,0
john_steinbeck,451,165,286,451,0
albumin,6,0,6,6,0
vienna,3,0,3,3,0
ferdinand_de_saussure,77,58,19,77,0
beriberi,11,0,11,11,0
potassium,65,0,65,65,0
thomas_pynchon,424,100,324,424,0
santeria,165,165,0,165,0
passover_seder,74,0,74,74,0
matthew_arnold,30,0,30,30,0
price_equation,8,0,8,8,0
penguin,6,0,6,6,0
francium,19,0,19,19,0
point_reyes,5,0,5,5,0
lennard-jones_potential,1,0,1,1,0
guyana,8,0,8,8,0
plotinus,25,0,25,25,0
trobriand_islands,30,0,30,30,0
peter_grimes,5,0,5,5,0
rna_polymerase,12,0,12,12,0
richard_rogers,1,0,1,1,0
epstein-barr_virus,63,63,0,63,0
alfred_l._kroeber,11,0,11,11,0
econometrics,32,0,32,32,0
rosencrantz_and_guildenstern_are_dead,4,0,4,4,0
aaa_proteins,22,0,22,22,0
battle_of_the_bulge,148,43,105,148,0
queequeg,150,135,15,150,0
medina,31,0,31,31,0
silas_marner,238,178,60,238,0
fluorescence,73,0,73,73,0
guru_nanak,125,92,33,125,0
thomas_nagel,40,0,40,40,0
thomas_robert_malthus,13,0,13,13,0
bonus_army,140,121,19,140,0
zebulon_pike,156,112,44,156,0
karma,41,0,41,41,0
the_protestant_ethic_and_the_spirit_of_capitalism,183,147,36,183,0
the_red_badge_of_courage,364,195,169,364,0
un_chien_andalou,5,0,5,5,0
lysosome,145,116,29,145,0
book_of_jeremiah,10,0,10,10,0
torii,7,0,7,7,0
kurtosis,4,0,4,4,0
shanghai,12,0,12,12,0
theo_van_doesburg,4,0,4,4,0
hinduism,210,0,210,210,0
battle_of_ayacucho,163,117,46,163,0
athanasius_of_alexandria,38,0,38,38,0
surfactant,13,0,13,13,0
augustus_saint-gaudens,3,0,3,3,0
death_in_venice,215,125,90,215,0
glutamic_acid,50,0,50,50,0
systemic_lupus_erythematosus,105,0,105,105,0
artery,17,0,17,17,0
gnosticism,147,0,147,147,0
dover_beach,76,54,22,76,0
materialism,31,0,31,31,0
kaddish,11,0,11,11,0
death_and_the_maiden_(film),1,0,1,1,0
christian_science,96,0,96,96,0
euphrates,23,0,23,23,0
the_anatomy_lesson_of_dr._nicolaes_tulp,2,0,2,2,0
ellesmere_island,3,0,3,3,0
geography_of_bulgaria,27,0,27,27,0
acid,34,0,34,34,0
robie_house,5,0,5,5,0
david_bohm,14,0,14,14,0
carthage,224,170,54,224,0
angular_momentum,224,150,74,224,0
somatostatin,7,0,7,7,0
paul_dukas,2,0,2,2,0
pyruvic_acid,18,0,18,18,0
kangaroo,15,0,15,15,0
myosin,34,0,34,34,0
main_(river),1,0,1,1,0
mily_balakirev,6,0,6,6,0
ukraine,10,0,10,10,0
aardvark,25,16,9,25,0
cistercians,9,0,9,9,0
she_stoops_to_conquer,197,117,80,197,0
el_amor_brujo,2,0,2,2,0
doxology,12,0,12,12,0
volt,1,0,1,1,0
sinclair_lewis,265,119,146,265,0
evelyn_waugh,397,98,299,397,0
battle_of_culloden,208,96,112,208,0
pentecost,178,91,87,178,0
creon,17,0,17,17,0
psoriasis,51,0,51,51,0
j._j._thomson,11,0,11,11,0
penis,42,0,42,42,0
petrarch,177,129,48,177,0
the_mikado,7,0,7,7,0
madame_bovary,367,134,233,367,0
alcohol_dehydrogenase,32,0,32,32,0
rio_de_janeiro,13,0,13,13,0
pleiades_(greek_mythology),9,0,9,9,0
marginal_utility,28,0,28,28,0
elegy_written_in_a_country_churchyard,299,92,207,299,0
apollo_11,5,0,5,5,0
mycenae,231,0,231,231,0
quantum_hall_effect,142,124,18,142,0
triptychs_by_francis_bacon,1,0,1,1,0
carl_ditters_von_dittersdorf,1,0,1,1,0
arles,2,0,2,2,0
nestorianism,98,95,3,98,0
hagia_sophia,28,0,28,28,0
epistasis,8,0,8,8,0
carmina_burana_(orff),1,0,1,1,0
jay_treaty,81,62,19,81,0
nabucco,8,0,8,8,0
clovis_culture,5,0,5,5,0
cno_cycle,5,0,5,5,0
uranus_(mythology),29,0,29,29,0
menno_simons,2,0,2,2,0
balder_(comics),52,0,52,52,0
eritrea,9,0,9,9,0
mark_rothko,18,0,18,18,0
manganese,31,0,31,31,0
robert_browning,329,128,201,329,0
doping_(semiconductor),21,0,21,21,0
muzafer_sherif,7,0,7,7,0
camillo_golgi,52,51,1,52,0
thornton_wilder,209,135,74,209,0
penning_trap,11,0,11,11,0
linguistics,64,0,64,64,0
western_australia,12,0,12,12,0
jean-philippe_rameau,2,0,2,2,0
turban,20,0,20,20,0
hopi_language,5,0,5,5,0
agnes_de_mille,1,0,1,1,0
james_tobin,24,0,24,24,0
interstellar_medium,16,0,16,16,0
louis_antoine_de_bougainville,2,0,2,2,0
graviton,14,0,14,14,0
antonio_salieri,7,0,7,7,0
either/or,222,83,139,222,0
battle_of_leyte_gulf,92,37,55,92,0
lepton,67,0,67,67,0
mjolnir_(comics),35,0,35,35,0
anterograde_amnesia,13,0,13,13,0
multiple_realizability,2,0,2,2,0
myelin,11,0,11,11,0
phloem,117,88,29,117,0
four_saints_in_three_acts,1,0,1,1,0
oliver_heaviside,5,0,5,5,0
khmer_empire,163,104,59,163,0
phenylketonuria,23,0,23,23,0
lutheranism,75,0,75,75,0
teapot_dome_scandal,165,139,26,165,0
chinua_achebe,640,153,487,640,0
asclepius,30,0,30,30,0
lorraine_hansberry,174,113,61,174,0
weak_gravitational_lensing,23,0,23,23,0
horace,281,165,116,281,0
winter_palace,18,0,18,18,0
kurt_lewin,33,0,33,33,0
novum_organum,28,0,28,28,0
doomsday_(comics),62,0,62,62,0
photorespiration,42,0,42,42,0
brave_new_world,371,170,201,371,0
tokamak,6,0,6,6,0
ignaz_semmelweis,12,0,12,12,0
edmund_husserl,196,93,103,196,0
albert_bandura,134,102,32,134,0
graves'_disease,28,0,28,28,0
a_passage_to_india,278,185,93,278,0
nicolaus_copernicus,39,0,39,39,0
zipacna,2,0,2,2,0
warren_g._harding,576,101,475,576,0
australopithecus_afarensis,9,0,9,9,0
prayer_for_the_dead,49,0,49,49,0
transistor,35,0,35,35,0
transubstantiation,167,144,23,167,0
battle_of_plassey,230,152,78,230,0
jane_austen,425,183,242,425,0
bismuth,26,0,26,26,0
william_labov,2,0,2,2,0
florida_keys,9,0,9,9,0
thixotropy,2,0,2,2,0
dynamo,2,0,2,2,0
gaius_marius,101,36,65,101,0
paul_klee,3,0,3,3,0
gao_xingjian,300,262,38,300,0
cassiopeia_(constellation),9,0,9,9,0
jean_baudrillard,34,0,34,34,0
holy_trinity_(masaccio),2,0,2,2,0
thomism,113,0,113,113,0
john_t._scopes,59,44,15,59,0
x-ray_computed_tomography,40,0,40,40,0
eskimo_words_for_snow,3,0,3,3,0
bone_morphogenetic_protein_4,68,0,68,68,0
dmitri_shostakovich,15,0,15,15,0
the_prince,76,0,76,76,0
on_the_road,309,113,196,309,0
neutrophil_granulocyte,20,0,20,20,0
epic_of_gilgamesh,506,212,294,506,0
nucleotide,27,0,27,27,0
heart_of_darkness,263,103,160,263,0
monopolistic_competition,5,0,5,5,0
welfare_economics,23,0,23,23,0
leonids,6,0,6,6,0
war_requiem,3,0,3,3,0
white_dwarf,103,0,103,103,0
george_gershwin,5,0,5,5,0
billy_budd,183,103,80,183,0
paul_tillich,36,0,36,36,0
the_little_foxes,192,152,40,192,0
senegal,5,0,5,5,0
the_crying_of_lot_49,209,159,50,209,0
book_of_esther,237,197,40,237,0
pastoral,43,0,43,43,0
lake_superior,23,0,23,23,0
hyman_minsky,11,0,11,11,0
sacramento_river,43,0,43,43,0
karl_marx,206,61,145,206,0
helios,50,0,50,50,0
bryozoa,41,0,41,41,0
clever_hans,3,0,3,3,0
amartya_sen,26,0,26,26,0
yuan_dynasty,326,179,147,326,0
precession,161,128,33,161,0
st._peter's_basilica,24,0,24,24,0
leviathan,9,0,9,9,0
noble_eightfold_path,10,0,10,10,0
enlil,168,143,25,168,0
blastula,10,0,10,10,0
eusociality,7,0,7,7,0
aleutian_islands,5,0,5,5,0
thomas_paine,295,127,168,295,0
bacteriophage,63,31,32,63,0
work_(thermodynamics),93,0,93,93,0
degenerate_art,8,0,8,8,0
ignatius_of_antioch,1,0,1,1,0
music_of_pyotr_ilyich_tchaikovsky,4,0,4,4,0
acne_vulgaris,9,0,9,9,0
sickle-cell_disease,42,0,42,42,0
nuclear_transport,9,0,9,9,0
whale_shark,3,0,3,3,0
arches_national_park,3,0,3,3,0
glacier_national_park_(u.s.),13,0,13,13,0
gian_lorenzo_bernini,2,0,2,2,0
addison's_disease,16,0,16,16,0
coyote,31,0,31,31,0
mythologies_(book),1,0,1,1,0
byzantine_empire,621,204,417,621,0
antioxidant,168,0,168,168,0
gauge_theory,120,0,120,120,0
potassium_channel,12,0,12,12,0
francisco_franco,398,223,175,398,0
phase_space,22,0,22,22,0
gross_national_happiness,6,0,6,6,0
klezmer,4,0,4,4,0
liverpool,11,0,11,11,0
nickel,94,54,40,94,0
william_james,283,188,95,283,0
federated_states_of_micronesia,7,0,7,7,0
jocasta,9,0,9,9,0
egyptian_hieroglyphs,10,0,10,10,0
bipolar_disorder,41,0,41,41,0
vanilla,17,0,17,17,0
zagros_mountains,1,0,1,1,0
quietism_(christian_philosophy),10,0,10,10,0
mannerheim_line,1,0,1,1,0
creusa,22,0,22,22,0
konrad_adenauer,311,98,213,311,0
tartuffe_(mechem),62,34,28,62,0
alfred_marshall,104,67,37,104,0
triangle_shirtwaist_factory_fire,129,116,13,129,0
ribosome,111,55,56,111,0
peloponnese,6,0,6,6,0
buddhism,118,0,118,118,0
guru_arjan,15,0,15,15,0
samson,55,0,55,55,0
hyksos,177,124,53,177,0
parthenon,67,0,67,67,0
shavuot,178,115,63,178,0
gluconeogenesis,44,0,44,44,0
lernaean_hydra,15,0,15,15,0
north_sea,15,0,15,15,0
james_clark_ross,1,0,1,1,0
john_rawls,109,70,39,109,0
mannich_reaction,15,0,15,15,0
carbon_nanotube,139,0,139,139,0
irving_fisher,38,0,38,38,0
platt_amendment,69,43,26,69,0
timbre,3,0,3,3,0
"ducal_palace,_mantua",1,0,1,1,0
perseus,310,72,238,310,0
power_(physics),100,91,9,100,0
germanium,39,0,39,39,0
shikoku,3,0,3,3,0
alfred_north_whitehead,169,0,169,169,0
fresnel_diffraction,10,0,10,10,0
isaiah_berlin,14,0,14,14,0
heart_sutra,17,0,17,17,0
sanskrit,29,0,29,29,0
nation_of_islam,46,0,46,46,0
ashurbanipal,39,0,39,39,0
samuel_taylor_coleridge,350,152,198,350,0
alexander_graham_bell,32,0,32,32,0
rajasthan,34,0,34,34,0
umbilical_cord,45,0,45,45,0
erich_fromm,164,115,49,164,0
miami,17,0,17,17,0
amur_river,11,0,11,11,0
giovanni_boccaccio,165,126,39,165,0
a_farewell_to_arms,138,89,49,138,0
battle_of_austerlitz,188,120,68,188,0
"va,_pensiero",1,0,1,1,0
o_pioneers!,233,149,84,233,0
oneida_community,6,0,6,6,0
indole,19,0,19,19,0
leah,3,0,3,3,0
friedrich_nietzsche,403,144,259,403,0
congress_of_vienna,188,134,54,188,0
tikal,55,0,55,55,0
testosterone,70,0,70,70,0
column,8,0,8,8,0
hammett_equation,19,0,19,19,0
corpus_christi_(feast),11,0,11,11,0
futurism,9,0,9,9,0
weakly_interacting_massive_particles,32,0,32,32,0
stereotype_threat,28,0,28,28,0
sadducees,8,0,8,8,0
christiaan_barnard,1,0,1,1,0
sui_dynasty,5,0,5,5,0
point_mutation,69,0,69,69,0
speciation,9,0,9,9,0
amylase,5,0,5,5,0
arthur_evans,48,0,48,48,0
nazca_culture,12,0,12,12,0
winterreise,1,0,1,1,0
munster,3,0,3,3,0
lysistrata,95,61,34,95,0
geography_of_oman,7,0,7,7,0
sylvia_plath,402,100,302,402,0
scylla,228,216,12,228,0
jack_london,452,68,384,452,0
frantz_fanon,15,0,15,15,0
rickets,4,0,4,4,0
coxey's_army,63,59,4,63,0
essenes,17,0,17,17,0
giorgio_vasari,2,0,2,2,0
carbohydrate,40,0,40,40,0
rankine_cycle,4,0,4,4,0
wavelength,56,0,56,56,0
cmos,18,0,18,18,0
lobotomy,19,0,19,19,0
common_law,32,0,32,32,0
parthenogenesis,32,0,32,32,0
lent,53,0,53,53,0
"pantheon,_rome",26,0,26,26,0
maginot_line,91,80,11,91,0
anselm_kiefer,7,0,7,7,0
geography_of_kyrgyzstan,8,0,8,8,0
piltdown_man,7,0,7,7,0
talmud,42,0,42,42,0
global_cooling,6,0,6,6,0
necrosis,19,0,19,19,0
riboflavin,47,0,47,47,0
mutation_rate,4,0,4,4,0
darwin's_finches,2,0,2,2,0
xenon,141,0,141,141,0
robert_walpole,175,95,80,175,0
